4 4 11
1
5
7
9
12
1
2
3
4
2
4
2
4
1
3
4
 7.882838603265564d-01
 1.179593514526256d-02
 7.152624564327116d-01
 9.537701892707606d-01
 3.354716092803837d-01
 2.116476463047245d-02
 9.690394041287798d-03
 2.759493009718541d-01
 8.765894946308085d-01
 3.413724176062819d-01
 7.645420173036788d-02
 8.855299435692077d-02
 7.756914100554739d-01
 7.029009808946513d-01
 3.232174890898070d-01
 7.829110404354466d-01
 7.339588064574628d-01
 8.612212215209774d-01
 4.994270014312108d-02
 4.228808084176028d-01
 2.228981978959954d-01
 7.252268480094352d-01
