0.0935275776409968
2.63070606313849
0.0111666971082582
1.38926376762583
0.00299107237043922
135.746480215284
0.00117193254991478
0.0032288561539509
0.000632217835460257
0.000229740917283007
0.000107165031426207
3.64141404690442e-05
2.26038758956333e-05
1.532985543452e-05
3.56304228863423e-06
6.23803137570628e-05
1.91377302641879e-06
1.52853042445424e-06
1.98917374038578e-07
1.69604313028388e-07
9.30861666671723e-08
5.23612831193122e-08
3.00281858475748e-08
1.13458419170182e-08
2.6011252769742e-09
1.89110816199364e-09
4.60187204098447e-10
5.50112166567253e-10
1.77693843634533e-10
7.61092008860764e-10
2.6320045969086e-11
5.14706987968239e-11
9.35048219408152e-12
9.45733449235833e-12
1.1124610347496e-12
7.53691033195114e-11
3.82354087627435e-13
2.94902990916057e-13
8.36470476217599e-12
1.02024291792624e-13
7.16466816430561e-14
3.38641500095566e-11
3.2692869678802e-14
2.842907853573e-11
3.06560332674621e-14
3.92741394961149e-15
4.71844785465692e-15
8.63312503082692e-12
2.45567455259277e-14
9.82902669845187e-13
1.57157273306119e-14
7.9658502016855e-15
5.85451825907413e-14
2.58108313368199e-13
2.35561653153362e-09
3.45938555579295e-14
8.71785594018168e-11
3.23645190508648e-15
8.61880011804317e-14
2.53616572187809e-14
2.41991322813551e-13
6.76358383362718e-13
6.04988498534298e-13
1.56081744751013e-13
2.64464800970102e-13
5.70323207605729e-12
2.36048377025289e-13
2.24030863305025e-14
1.3329528453232e-12
2.89406899053185e-14
3.36191144367781e-13
4.61740021218127e-14
2.30891824756774e-12
2.44539631599761e-14
1.04227314712962e-12
2.21852050619198e-13
1.88526494762642e-13
1.53692813684159e-12
5.58130906942733e-13
9.61146526951007e-13
2.0292388646162e-13
4.00194742795901e-14
5.60916330744066e-14
6.32326222632651e-14
3.44574927401906e-13
1.06756292174437e-13
2.35356005517939e-13
2.88054573683444e-13
3.32373776938677e-12
5.03597163969971e-13
9.31598548303825e-14
3.9571095152794e-12
6.11362577316449e-13
8.1255285703033e-12
5.72945987528661e-13
1.36401016891975e-12
2.93968489958538e-13
2.5571916546091e-13
3.17094116806041e-11
3.52563789794702e-13
