0
6266.29348019356
-6266.29348019356
2984.57815032145
-2984.57815032145
1839.64688430065
-1839.64688430065
0
0
0
0
0
0
0
1242.0597908068
-1242.0597908068
0
0
0
0
0
0
0
0
0
874.067081866253
-874.067081866253
0
0
0
0
0
0
0
0
0
0
628.488689556385
-628.488689556385
0
0
0
457.690869216471
-457.690869216471
0
0
0
0
0
336.234349229377
-336.234349229377
0
0
0
248.715238669672
-248.715238669672
0
185.066825102534
-185.066825102534
138.444908173011
-138.444908173011
104.100838506044
-104.100838506044
0
78.692196119286
-78.692196119286
0
0
0
59.837382771428
-59.837382771428
0
0
45.8232501135371
-45.8232501135371
0
35.4058378806904
-35.4058378806904
0
27.648856094836
-27.648856094836
21.951714113762
-21.951714113762
20.9699536460625
-20.9699536460625
16.7462607971531
-16.7462607971531
12.5662846904448
-12.5662846904448
0
8.37758026393941
-8.37758026393941
4.18879020476465
-4.18879020476465
0
0
0
0
0
