-0.100004997751057
-31.6456159582465
-31.6456159582465
-29.6030721021218
-29.6030721021218
-26.6163992973753
-26.6163992973753
-1989.44039136906
-1930.81803683521
-1893.57404557607
1717.56395698102
1610.58571809213
-1678.46722430064
1511.09256443442
-23.0020031998748
-23.0020031998748
-1582.63470413576
1390.82222685199
-1515.15461386623
-1481.51576532169
-1407.75874107945
-1322.07781954631
1165.51412254245
-1188.24394866311
-1157.70130418751
-18.9954361960261
-18.9954361960261
1020.88460509538
971.827133850268
956.390886452502
-909.358368269279
-862.847335231931
-838.843489768694
-814.368160673116
858.46873189708
-767.878991037845
-689.354049108725
-14.8530573115062
-14.8530573115062
779.101942151438
740.963719727683
634.960815024656
-10.9066188884534
-10.9066188884534
573.306139862326
555.995439922516
476.065570925964
-392.986164299835
436.186163989794
-7.48985215403821
-7.48985215403821
395.804121888212
358.334520625529
305.532231691378
-4.82167769931439
-4.82167769931439
263.613054582979
-2.95168240424372
-2.95168240424372
-1.77962492343585
-1.77962492343585
-1.12049432160542
-1.12049432160542
-134.207623001285
-0.783657074496401
-0.783657074496401
-105.357953327304
-95.8522759425202
-82.5014589809725
-0.626398389619718
-0.626398389619718
-62.7778668110104
57.2591689646294
-0.564812478216416
-0.564812478216416
43.5537876144811
-0.56168275617011
-0.56168275617011
32.46952886873
-0.635648282990654
-0.635648282990654
-2.0242179426826
-2.0242179426826
-0.654684189693583
-0.654684189693583
-0.0127140175923877
-0.0127140175923877
-7.07323582709613e-05
-7.07323582709613e-05
-9.75932153214362
-9.39704071288194e-08
-9.39704071288194e-08
-1.52270524439482e-11
-1.52270524439482e-11
-3.71420540482701
1.70671781086857
-0.962160098495607
0.064513269763556
0.524035639661436
