-3.09140300915368e-23
-0.123632778721237
0.123632778721237
-0.0670494786255175
0.0670494786255175
-0.0507541497479863
0.0507541497479863
-1.19451020877151e-26
-1.54446483538716e-26
-1.77804640947572e-26
-3.01887261642134e-26
-3.90544370217825e-26
-3.3297896969147e-26
-4.84254604254629e-26
-0.0438843808978684
0.0438843808978684
-4.15681735785906e-26
-6.15416493890207e-26
-4.80187933891627e-26
-5.14537108348489e-26
-5.95591785535743e-26
-7.01093825213705e-26
-9.33899034404826e-26
-8.96298063976485e-26
-9.47164113932511e-26
-0.0403845422079035
0.0403845422079035
-1.21232485212118e-25
-2.91585725190826e-26
-3.29615732863191e-26
-4.53437274823054e-26
-5.89140211148639e-26
-6.65052925049936e-26
-7.47056981278207e-26
-6.0267145119337e-26
-9.17187697667502e-26
-1.25656876974052e-25
-0.0385094531319655
0.0385094531319655
-8.74260381060593e-26
-1.02542630409849e-25
-1.54076081830114e-25
-0.0372831957440889
0.0372831957440889
-1.92794564543852e-25
-2.05205728733037e-25
-6.73899850405682e-26
-1.68725923668133e-25
-1.11230004962856e-25
-0.0363628613721247
0.0363628613721247
-1.64594034007529e-25
-2.24826723172639e-25
-3.34675100748308e-25
-0.0356423985634925
0.0356423985634925
-4.53058169359015e-25
-0.0349491825666852
0.0349491825666852
-0.03435610904627
0.03435610904627
-0.0337013969462252
0.0337013969462252
-8.66762317988172e-25
-0.0330954369955682
0.0330954369955682
-4.97497186741838e-25
-7.07890685596712e-25
-1.08389754288295e-24
-0.0323097434785356
0.0323097434785356
-1.92563362319712e-24
-6.08104429375669e-25
-0.0313646497647934
0.0313646497647934
-1.80200798254464e-24
-0.0302051185747334
0.0302051185747334
-3.47277245070266e-24
-0.0289432585349924
0.0289432585349924
-0.00304684211453625
0.00304684211453625
-0.0283361931074186
0.0283361931074186
-0.0296251280945769
0.0296251280945769
-0.0397840911259322
0.0397840911259322
-7.07908493142011e-24
-0.0596830742117012
0.0596830742117012
-0.119366206957864
0.119366206957864
-1.36319543094278e-23
-2.55057991599172e-23
-2.90366928329745e-23
-3.09265760989491e-23
-3.03528998032279e-23
