-5.82335151237331e-22
-0.00107104892762024
-0.00107104892762021
-0.000562586932002207
-0.000562586932002186
-0.000496742329775154
-0.000496742329775139
-8.32611534073169e-16
-3.41815191776387e-16
5.9572224227089e-18
-1.30035894220633e-20
-2.94152927628229e-16
-1.89861387409748e-15
-4.84154817548342e-16
-0.000457880421800654
-0.000457880421800641
2.77359230450456e-17
7.85544062829865e-19
-5.40609076790448e-17
-5.20885877700696e-16
-1.23375523547462e-15
-9.60120694477352e-17
-1.50608747468923e-15
-2.61602378941509e-16
-2.4022975213862e-18
-0.00036447810873134
-0.000364478108731328
1.1166438859171e-17
-8.7310489434039e-18
-4.88535506412021e-17
-1.5148664089115e-16
-7.13597166180965e-16
-6.74383561648049e-17
-6.91061400497108e-17
-4.76340499894003e-16
1.85847560995612e-17
-6.57739873219412e-15
-7.49743622554137e-05
-7.49743622554019e-05
-6.82046294009041e-18
-8.60829283827968e-17
-6.39703435440334e-18
0.000107760362236905
0.000107760362236916
-1.13353706469503e-17
-1.56373602236622e-16
-3.06298377031966e-16
-1.11513360135673e-15
7.44648625576519e-18
0.000327660453517747
0.000327660453517758
-2.3192441624696e-17
-3.1436416017746e-18
-7.99332711173329e-16
0.000337550548284798
0.000337550548284809
-1.25627236622685e-17
0.000417191387683579
0.000417191387683589
0.000335852799061288
0.000335852799061299
0.000195531956592675
0.000195531956592685
-5.14194742071234e-18
1.52544075905791e-05
1.52544075905893e-05
-4.52263084408512e-17
-2.98489612964863e-18
-1.98029884146502e-17
-0.000156791787482187
-0.000156791787482177
-1.41355177652235e-16
8.07444777969227e-17
-0.000331028196754754
-0.000331028196754745
-1.02820320306852e-16
-0.000532554109700607
-0.000532554109700598
-8.32008303305683e-17
-0.00139031357137851
-0.0013903135713785
-0.00997146766946855
-0.00997146766946855
0.0131912328641306
0.0131912328641306
0.000395900096558959
0.000395900096558968
3.75490194707818e-06
3.75490194709036e-06
2.7314165570991e-19
1.42493716043507e-08
1.42493716226233e-08
7.85589932966408e-10
7.85589969511777e-10
3.82723631585179e-17
-6.10975452766368e-19
-1.10887915391478e-16
2.41003822792763e-16
1.41446296559792e-17
