-0.100004997751057
-32.198273053734
-32.198273053734
-30.7679983602019
-30.7679983602019
-28.2073255509372
-28.2073255509372
-1989.44039136906
-1930.81803683522
-1893.57404557608
-24.8737655543926
-24.8737655543926
1717.56395698101
1610.58571809213
1511.09256443443
-1678.46722430062
1390.82222685198
-1582.63470413576
-1515.15461386623
-1481.51576532168
-1407.75874107946
-1322.0778195463
-21.0348405610172
-21.0348405610172
1165.51412254245
-1188.24394866311
-1157.70130418751
1020.88460509537
971.827133850265
956.390886452499
-16.9227688846112
-16.9227688846112
-909.358368269279
858.46873189708
-862.847335231927
-838.843489768692
-814.368160673115
-767.878991037848
-689.354049108713
779.101942151436
740.963719727682
-12.8331110328181
-12.8331110328181
634.960815024658
573.306139862326
555.995439922514
-9.1139215420913
-9.1139215420913
476.065570925964
-392.986164299832
436.186163989793
395.804121888211
358.334520625527
-6.05382116092709
-6.05382116092709
305.532231691377
263.613054582979
-3.78879049146251
-3.78879049146251
-2.2876182211342
-2.2876182211342
-1.39767520822875
-1.39767520822875
-134.207623001285
-0.921809429958184
-0.921809429958184
-105.357953327304
-95.8522759425204
-82.5014589809724
-0.689311095676303
-0.689311095676303
-62.7778668110105
-0.587704946948208
-0.587704946948208
57.2591689646294
-0.558167259696863
-0.558167259696863
43.5537876144811
-0.586064343772219
-0.586064343772219
32.46952886873
-0.792198652872379
-0.792198652872379
-2.12713691403602
-2.12713691403602
-0.0980464406679983
-0.0980464406679983
-0.000956373020445101
-0.000956373020445101
-2.47378349392056e-06
-2.47378349392056e-06
-9.21074083795877e-10
-9.21074083795877e-10
-9.7593215321436
-3.71420540482701
1.70671781086858
-0.962160098495589
0.0645132697635516
0.524035639661436
