0
12687.3743878289
-12687.3743878289
4092.90280719703
-4092.90280719703
2303.81218981377
-2303.81218981377
0
0
0
1500.61092702632
-1500.61092702632
0
0
0
0
0
0
0
0
0
0
1038.09239088147
-1038.09239088147
0
0
0
0
0
0
739.569736150838
-739.569736150838
0
0
0
0
0
0
0
0
0
535.518775036324
-535.518775036324
0
0
0
391.787976429263
-391.787976429263
0
0
0
0
0
288.827078653766
-288.827078653766
0
0
214.268890565563
-214.268890565563
159.840661841856
-159.840661841856
119.852787553628
-119.852787553628
0
90.3281183903962
-90.3281183903962
0
0
0
68.4492815847317
-68.4492815847317
0
52.1987101244507
-52.1987101244507
0
40.1191117565554
-40.1191117565554
0
31.1418356016032
-31.1418356016032
0
24.3754790034708
-24.3754790034708
21.4974395281748
-21.4974395281748
18.7188499801489
-18.7188499801489
14.5378705578563
-14.5378705578563
10.3003322864974
-10.3003322864974
5.9912126090327
-5.9912126090327
0
0
0
0
0
0
