## Spin Boson Model Simulation Results using Tom Fays Code
### Parameters:
# epsilon = 1.000000
# Delta = 2.000000
# beta = 1.000000
# lambda_D = 1.000000
# omega_D = 1.000000
# dt = 0.010000
# n_steps = 1000
# krylov_dim = 8
# krylov_tol = 1.000000e-08
# L_max = 3
# M_max = 3
# 
## Results:
# t	\left<\sigma_x(t)\right>	\left<\sigma_y(t)\right>	\left<\sigma_z(t)\right>
0.000000	1.000000	0.000000	0.000000	1.000000	
0.010000	0.999201	0.000397	-0.039956	1.000000	
0.020000	0.996806	0.001574	-0.079739	1.000000	
0.030000	0.992825	0.003506	-0.119227	1.000000	
0.040000	0.987273	0.006168	-0.158301	1.000000	
0.050000	0.980168	0.009528	-0.196846	1.000000	
0.060000	0.971534	0.013553	-0.234750	1.000000	
0.070000	0.961398	0.018208	-0.271909	1.000000	
0.080000	0.949793	0.023452	-0.308220	1.000000	
0.090000	0.936753	0.029246	-0.343588	1.000000	
0.100000	0.922319	0.035548	-0.377921	1.000000	
0.110000	0.906534	0.042313	-0.411135	1.000000	
0.120000	0.889445	0.049497	-0.443149	1.000000	
0.130000	0.871100	0.057053	-0.473888	1.000000	
0.140000	0.851552	0.064934	-0.503283	1.000000	
0.150000	0.830856	0.073092	-0.531272	1.000000	
0.160000	0.809069	0.081481	-0.557797	1.000000	
0.170000	0.786252	0.090052	-0.582807	1.000000	
0.180000	0.762466	0.098759	-0.606256	1.000000	
0.190000	0.737773	0.107553	-0.628103	1.000000	
0.200000	0.712239	0.116388	-0.648315	1.000000	
0.210000	0.685930	0.125220	-0.666863	1.000000	
0.220000	0.658913	0.134002	-0.683725	1.000000	
0.230000	0.631255	0.142693	-0.698883	1.000000	
0.240000	0.603025	0.151249	-0.712324	1.000000	
0.250000	0.574292	0.159630	-0.724043	1.000000	
0.260000	0.545124	0.167797	-0.734038	1.000000	
0.270000	0.515592	0.175712	-0.742312	1.000000	
0.280000	0.485762	0.183341	-0.748874	1.000000	
0.290000	0.455704	0.190648	-0.753736	1.000000	
0.300000	0.425486	0.197603	-0.756917	1.000000	
0.310000	0.395173	0.204176	-0.758439	1.000000	
0.320000	0.364832	0.210339	-0.758327	1.000000	
0.330000	0.334528	0.216066	-0.756612	1.000000	
0.340000	0.304324	0.221336	-0.753326	1.000000	
0.350000	0.274283	0.226126	-0.748509	1.000000	
0.360000	0.244464	0.230417	-0.742199	1.000000	
0.370000	0.214926	0.234194	-0.734441	1.000000	
0.380000	0.185727	0.237441	-0.725281	1.000000	
0.390000	0.156922	0.240146	-0.714770	1.000000	
0.400000	0.128563	0.242299	-0.702957	1.000000	
0.410000	0.100702	0.243893	-0.689898	1.000000	
0.420000	0.073387	0.244921	-0.675648	1.000000	
0.430000	0.046665	0.245379	-0.660265	1.000000	
0.440000	0.020580	0.245266	-0.643809	1.000000	
0.450000	-0.004826	0.244581	-0.626340	1.000000	
0.460000	-0.029515	0.243327	-0.607921	1.000000	
0.470000	-0.053448	0.241507	-0.588614	1.000000	
0.480000	-0.076593	0.239126	-0.568484	1.000000	
0.490000	-0.098917	0.236191	-0.547594	1.000000	
0.500000	-0.120391	0.232712	-0.526010	1.000000	
0.510000	-0.140989	0.228697	-0.503798	1.000000	
0.520000	-0.160687	0.224159	-0.481021	1.000000	
0.530000	-0.179464	0.219110	-0.457746	1.000000	
0.540000	-0.197301	0.213564	-0.434038	1.000000	
0.550000	-0.214182	0.207537	-0.409961	1.000000	
0.560000	-0.230094	0.201044	-0.385578	1.000000	
0.570000	-0.245025	0.194102	-0.360955	1.000000	
0.580000	-0.258968	0.186730	-0.336153	1.000000	
0.590000	-0.271916	0.178947	-0.311233	1.000000	
0.600000	-0.283866	0.170771	-0.286257	1.000000	
0.610000	-0.294817	0.162224	-0.261284	1.000000	
0.620000	-0.304769	0.153326	-0.236371	1.000000	
0.630000	-0.313728	0.144097	-0.211576	1.000000	
0.640000	-0.321698	0.134560	-0.186954	1.000000	
0.650000	-0.328687	0.124737	-0.162557	1.000000	
0.660000	-0.334706	0.114650	-0.138440	1.000000	
0.670000	-0.339767	0.104321	-0.114650	1.000000	
0.680000	-0.343883	0.093772	-0.091237	1.000000	
0.690000	-0.347071	0.083027	-0.068248	1.000000	
0.700000	-0.349349	0.072108	-0.045726	1.000000	
0.710000	-0.350736	0.061037	-0.023714	1.000000	
0.720000	-0.351254	0.049836	-0.002252	1.000000	
0.730000	-0.350924	0.038529	0.018620	1.000000	
0.740000	-0.349772	0.027136	0.038868	1.000000	
0.750000	-0.347824	0.015679	0.058457	1.000000	
0.760000	-0.345105	0.004181	0.077355	1.000000	
0.770000	-0.341645	-0.007339	0.095534	1.000000	
0.780000	-0.337472	-0.018859	0.112965	1.000000	
0.790000	-0.332618	-0.030360	0.129624	1.000000	
0.800000	-0.327113	-0.041821	0.145488	1.000000	
0.810000	-0.320990	-0.053224	0.160538	1.000000	
0.820000	-0.314281	-0.064550	0.174753	1.000000	
0.830000	-0.307021	-0.075782	0.188120	1.000000	
0.840000	-0.299243	-0.086900	0.200625	1.000000	
0.850000	-0.290982	-0.097890	0.212256	1.000000	
0.860000	-0.282274	-0.108734	0.223004	1.000000	
0.870000	-0.273154	-0.119418	0.232862	1.000000	
0.880000	-0.263657	-0.129926	0.241827	1.000000	
0.890000	-0.253820	-0.140245	0.249895	1.000000	
0.900000	-0.243677	-0.150361	0.257066	1.000000	
0.910000	-0.233266	-0.160261	0.263343	1.000000	
0.920000	-0.222622	-0.169935	0.268728	1.000000	
0.930000	-0.211780	-0.179370	0.273229	1.000000	
0.940000	-0.200775	-0.188557	0.276852	1.000000	
0.950000	-0.189643	-0.197486	0.279607	1.000000	
0.960000	-0.178418	-0.206148	0.281506	1.000000	
0.970000	-0.167134	-0.214535	0.282562	1.000000	
0.980000	-0.155824	-0.222641	0.282791	1.000000	
0.990000	-0.144522	-0.230459	0.282208	1.000000	
1.000000	-0.133258	-0.237984	0.280833	1.000000	
1.010000	-0.122065	-0.245210	0.278685	1.000000	
1.020000	-0.110973	-0.252135	0.275785	1.000000	
1.030000	-0.100012	-0.258754	0.272156	1.000000	
1.040000	-0.089210	-0.265065	0.267822	1.000000	
1.050000	-0.078595	-0.271067	0.262808	1.000000	
1.060000	-0.068194	-0.276759	0.257140	1.000000	
1.070000	-0.058033	-0.282141	0.250845	1.000000	
1.080000	-0.048135	-0.287213	0.243952	1.000000	
1.090000	-0.038524	-0.291976	0.236490	1.000000	
1.100000	-0.029223	-0.296434	0.228488	1.000000	
1.110000	-0.020252	-0.300587	0.219978	1.000000	
1.120000	-0.011631	-0.304441	0.210989	1.000000	
1.130000	-0.003378	-0.307999	0.201555	1.000000	
1.140000	0.004488	-0.311265	0.191707	1.000000	
1.150000	0.011953	-0.314245	0.181478	1.000000	
1.160000	0.019002	-0.316944	0.170901	1.000000	
1.170000	0.025621	-0.319370	0.160008	1.000000	
1.180000	0.031799	-0.321528	0.148833	1.000000	
1.190000	0.037524	-0.323428	0.137409	1.000000	
1.200000	0.042788	-0.325075	0.125768	1.000000	
1.210000	0.047583	-0.326479	0.113945	1.000000	
1.220000	0.051902	-0.327649	0.101971	1.000000	
1.230000	0.055739	-0.328594	0.089878	1.000000	
1.240000	0.059091	-0.329323	0.077700	1.000000	
1.250000	0.061955	-0.329846	0.065467	1.000000	
1.260000	0.064328	-0.330174	0.053210	1.000000	
1.270000	0.066211	-0.330316	0.040961	1.000000	
1.280000	0.067605	-0.330284	0.028748	1.000000	
1.290000	0.068512	-0.330089	0.016601	1.000000	
1.300000	0.068935	-0.329741	0.004549	1.000000	
1.310000	0.068878	-0.329251	-0.007382	1.000000	
1.320000	0.068346	-0.328632	-0.019164	1.000000	
1.330000	0.067347	-0.327894	-0.030772	1.000000	
1.340000	0.065887	-0.327049	-0.042181	1.000000	
1.350000	0.063975	-0.326108	-0.053366	1.000000	
1.360000	0.061621	-0.325084	-0.064307	1.000000	
1.370000	0.058834	-0.323986	-0.074979	1.000000	
1.380000	0.055627	-0.322826	-0.085364	1.000000	
1.390000	0.052009	-0.321617	-0.095442	1.000000	
1.400000	0.047996	-0.320367	-0.105195	1.000000	
1.410000	0.043598	-0.319090	-0.114604	1.000000	
1.420000	0.038832	-0.317795	-0.123656	1.000000	
1.430000	0.033711	-0.316492	-0.132334	1.000000	
1.440000	0.028250	-0.315193	-0.140626	1.000000	
1.450000	0.022466	-0.313906	-0.148519	1.000000	
1.460000	0.016374	-0.312642	-0.156002	1.000000	
1.470000	0.009992	-0.311410	-0.163066	1.000000	
1.480000	0.003335	-0.310219	-0.169702	1.000000	
1.490000	-0.003579	-0.309078	-0.175903	1.000000	
1.500000	-0.010732	-0.307995	-0.181663	1.000000	
1.510000	-0.018106	-0.306978	-0.186977	1.000000	
1.520000	-0.025684	-0.306034	-0.191842	1.000000	
1.530000	-0.033447	-0.305172	-0.196254	1.000000	
1.540000	-0.041378	-0.304397	-0.200212	1.000000	
1.550000	-0.049458	-0.303716	-0.203717	1.000000	
1.560000	-0.057669	-0.303135	-0.206769	1.000000	
1.570000	-0.065994	-0.302659	-0.209371	1.000000	
1.580000	-0.074413	-0.302293	-0.211524	1.000000	
1.590000	-0.082910	-0.302042	-0.213234	1.000000	
1.600000	-0.091466	-0.301909	-0.214505	1.000000	
1.610000	-0.100064	-0.301900	-0.215343	1.000000	
1.620000	-0.108688	-0.302015	-0.215754	1.000000	
1.630000	-0.117319	-0.302260	-0.215748	1.000000	
1.640000	-0.125942	-0.302635	-0.215332	1.000000	
1.650000	-0.134540	-0.303143	-0.214515	1.000000	
1.660000	-0.143098	-0.303784	-0.213308	1.000000	
1.670000	-0.151600	-0.304561	-0.211721	1.000000	
1.680000	-0.160031	-0.305473	-0.209766	1.000000	
1.690000	-0.168376	-0.306520	-0.207455	1.000000	
1.700000	-0.176623	-0.307703	-0.204801	1.000000	
1.710000	-0.184756	-0.309021	-0.201816	1.000000	
1.720000	-0.192764	-0.310473	-0.198514	1.000000	
1.730000	-0.200633	-0.312056	-0.194910	1.000000	
1.740000	-0.208353	-0.313770	-0.191017	1.000000	
1.750000	-0.215911	-0.315613	-0.186852	1.000000	
1.760000	-0.223297	-0.317581	-0.182428	1.000000	
1.770000	-0.230502	-0.319672	-0.177761	1.000000	
1.780000	-0.237515	-0.321884	-0.172867	1.000000	
1.790000	-0.244328	-0.324212	-0.167762	1.000000	
1.800000	-0.250934	-0.326654	-0.162461	1.000000	
1.810000	-0.257323	-0.329205	-0.156981	1.000000	
1.820000	-0.263490	-0.331861	-0.151338	1.000000	
1.830000	-0.269428	-0.334618	-0.145547	1.000000	
1.840000	-0.275132	-0.337472	-0.139625	1.000000	
1.850000	-0.280597	-0.340417	-0.133588	1.000000	
1.860000	-0.285818	-0.343450	-0.127452	1.000000	
1.870000	-0.290792	-0.346564	-0.121233	1.000000	
1.880000	-0.295515	-0.349756	-0.114945	1.000000	
1.890000	-0.299987	-0.353020	-0.108606	1.000000	
1.900000	-0.304203	-0.356350	-0.102229	1.000000	
1.910000	-0.308165	-0.359742	-0.095830	1.000000	
1.920000	-0.311870	-0.363189	-0.089423	1.000000	
1.930000	-0.315318	-0.366687	-0.083023	1.000000	
1.940000	-0.318512	-0.370230	-0.076644	1.000000	
1.950000	-0.321450	-0.373812	-0.070300	1.000000	
1.960000	-0.324136	-0.377428	-0.064003	1.000000	
1.970000	-0.326572	-0.381073	-0.057767	1.000000	
1.980000	-0.328759	-0.384741	-0.051604	1.000000	
1.990000	-0.330701	-0.388426	-0.045525	1.000000	
2.000000	-0.332402	-0.392125	-0.039544	1.000000	
2.010000	-0.333866	-0.395830	-0.033670	1.000000	
2.020000	-0.335097	-0.399538	-0.027914	1.000000	
2.030000	-0.336101	-0.403242	-0.022286	1.000000	
2.040000	-0.336882	-0.406939	-0.016796	1.000000	
2.050000	-0.337446	-0.410623	-0.011453	1.000000	
2.060000	-0.337800	-0.414290	-0.006266	1.000000	
2.070000	-0.337950	-0.417935	-0.001241	1.000000	
2.080000	-0.337902	-0.421553	0.003613	1.000000	
2.090000	-0.337663	-0.425141	0.008289	1.000000	
2.100000	-0.337241	-0.428694	0.012781	1.000000	
2.110000	-0.336643	-0.432208	0.017084	1.000000	
2.120000	-0.335877	-0.435680	0.021192	1.000000	
2.130000	-0.334950	-0.439106	0.025101	1.000000	
2.140000	-0.333872	-0.442482	0.028806	1.000000	
2.150000	-0.332649	-0.445805	0.032304	1.000000	
2.160000	-0.331290	-0.449072	0.035591	1.000000	
2.170000	-0.329804	-0.452281	0.038666	1.000000	
2.180000	-0.328200	-0.455429	0.041526	1.000000	
2.190000	-0.326485	-0.458512	0.044170	1.000000	
2.200000	-0.324669	-0.461530	0.046597	1.000000	
2.210000	-0.322760	-0.464479	0.048806	1.000000	
2.220000	-0.320767	-0.467358	0.050798	1.000000	
2.230000	-0.318699	-0.470165	0.052573	1.000000	
2.240000	-0.316564	-0.472898	0.054132	1.000000	
2.250000	-0.314372	-0.475557	0.055477	1.000000	
2.260000	-0.312129	-0.478140	0.056609	1.000000	
2.270000	-0.309846	-0.480646	0.057531	1.000000	
2.280000	-0.307529	-0.483074	0.058246	1.000000	
2.290000	-0.305189	-0.485424	0.058756	1.000000	
2.300000	-0.302832	-0.487696	0.059065	1.000000	
2.310000	-0.300466	-0.489889	0.059178	1.000000	
2.320000	-0.298100	-0.492002	0.059098	1.000000	
2.330000	-0.295741	-0.494037	0.058829	1.000000	
2.340000	-0.293396	-0.495993	0.058378	1.000000	
2.350000	-0.291073	-0.497871	0.057749	1.000000	
2.360000	-0.288778	-0.499671	0.056947	1.000000	
2.370000	-0.286519	-0.501395	0.055978	1.000000	
2.380000	-0.284302	-0.503042	0.054849	1.000000	
2.390000	-0.282134	-0.504614	0.053565	1.000000	
2.400000	-0.280019	-0.506112	0.052133	1.000000	
2.410000	-0.277965	-0.507538	0.050560	1.000000	
2.420000	-0.275976	-0.508892	0.048852	1.000000	
2.430000	-0.274058	-0.510176	0.047015	1.000000	
2.440000	-0.272216	-0.511391	0.045059	1.000000	
2.450000	-0.270455	-0.512540	0.042988	1.000000	
2.460000	-0.268779	-0.513625	0.040811	1.000000	
2.470000	-0.267192	-0.514646	0.038535	1.000000	
2.480000	-0.265697	-0.515606	0.036168	1.000000	
2.490000	-0.264299	-0.516506	0.033716	1.000000	
2.500000	-0.263001	-0.517350	0.031188	1.000000	
2.510000	-0.261805	-0.518139	0.028590	1.000000	
2.520000	-0.260715	-0.518875	0.025931	1.000000	
2.530000	-0.259731	-0.519561	0.023217	1.000000	
2.540000	-0.258858	-0.520198	0.020456	1.000000	
2.550000	-0.258095	-0.520789	0.017656	1.000000	
2.560000	-0.257446	-0.521337	0.014824	1.000000	
2.570000	-0.256910	-0.521844	0.011967	1.000000	
2.580000	-0.256489	-0.522312	0.009091	1.000000	
2.590000	-0.256183	-0.522743	0.006205	1.000000	
2.600000	-0.255992	-0.523140	0.003314	1.000000	
2.610000	-0.255918	-0.523506	0.000427	1.000000	
2.620000	-0.255958	-0.523842	-0.002452	1.000000	
2.630000	-0.256114	-0.524152	-0.005315	1.000000	
2.640000	-0.256383	-0.524437	-0.008157	1.000000	
2.650000	-0.256766	-0.524700	-0.010970	1.000000	
2.660000	-0.257260	-0.524943	-0.013750	1.000000	
2.670000	-0.257865	-0.525169	-0.016490	1.000000	
2.680000	-0.258579	-0.525379	-0.019186	1.000000	
2.690000	-0.259399	-0.525576	-0.021831	1.000000	
2.700000	-0.260325	-0.525762	-0.024422	1.000000	
2.710000	-0.261352	-0.525940	-0.026952	1.000000	
2.720000	-0.262480	-0.526111	-0.029418	1.000000	
2.730000	-0.263705	-0.526277	-0.031815	1.000000	
2.740000	-0.265024	-0.526441	-0.034140	1.000000	
2.750000	-0.266435	-0.526603	-0.036388	1.000000	
2.760000	-0.267934	-0.526767	-0.038555	1.000000	
2.770000	-0.269518	-0.526934	-0.040639	1.000000	
2.780000	-0.271184	-0.527105	-0.042636	1.000000	
2.790000	-0.272928	-0.527283	-0.044544	1.000000	
2.800000	-0.274746	-0.527468	-0.046360	1.000000	
2.810000	-0.276636	-0.527663	-0.048082	1.000000	
2.820000	-0.278592	-0.527868	-0.049707	1.000000	
2.830000	-0.280611	-0.528086	-0.051234	1.000000	
2.840000	-0.282689	-0.528316	-0.052662	1.000000	
2.850000	-0.284822	-0.528562	-0.053988	1.000000	
2.860000	-0.287007	-0.528823	-0.055213	1.000000	
2.870000	-0.289238	-0.529100	-0.056335	1.000000	
2.880000	-0.291512	-0.529396	-0.057353	1.000000	
2.890000	-0.293825	-0.529710	-0.058268	1.000000	
2.900000	-0.296172	-0.530043	-0.059079	1.000000	
2.910000	-0.298550	-0.530396	-0.059787	1.000000	
2.920000	-0.300954	-0.530771	-0.060391	1.000000	
2.930000	-0.303380	-0.531166	-0.060893	1.000000	
2.940000	-0.305824	-0.531583	-0.061294	1.000000	
2.950000	-0.308282	-0.532022	-0.061593	1.000000	
2.960000	-0.310750	-0.532484	-0.061793	1.000000	
2.970000	-0.313224	-0.532969	-0.061895	1.000000	
2.980000	-0.315700	-0.533476	-0.061901	1.000000	
2.990000	-0.318175	-0.534007	-0.061811	1.000000	
3.000000	-0.320644	-0.534561	-0.061629	1.000000	
3.010000	-0.323104	-0.535138	-0.061356	1.000000	
3.020000	-0.325551	-0.535738	-0.060995	1.000000	
3.030000	-0.327983	-0.536361	-0.060548	1.000000	
3.040000	-0.330394	-0.537007	-0.060017	1.000000	
3.050000	-0.332783	-0.537675	-0.059406	1.000000	
3.060000	-0.335145	-0.538365	-0.058716	1.000000	
3.070000	-0.337479	-0.539077	-0.057951	1.000000	
3.080000	-0.339781	-0.539810	-0.057114	1.000000	
3.090000	-0.342047	-0.540564	-0.056209	1.000000	
3.100000	-0.344276	-0.541339	-0.055237	1.000000	
3.110000	-0.346465	-0.542133	-0.054203	1.000000	
3.120000	-0.348612	-0.542946	-0.053110	1.000000	
3.130000	-0.350713	-0.543778	-0.051960	1.000000	
3.140000	-0.352768	-0.544627	-0.050759	1.000000	
3.150000	-0.354774	-0.545494	-0.049508	1.000000	
3.160000	-0.356728	-0.546377	-0.048212	1.000000	
3.170000	-0.358630	-0.547275	-0.046875	1.000000	
3.180000	-0.360478	-0.548188	-0.045499	1.000000	
3.190000	-0.362269	-0.549115	-0.044089	1.000000	
3.200000	-0.364004	-0.550054	-0.042647	1.000000	
3.210000	-0.365681	-0.551006	-0.041178	1.000000	
3.220000	-0.367298	-0.551969	-0.039685	1.000000	
3.230000	-0.368855	-0.552942	-0.038171	1.000000	
3.240000	-0.370352	-0.553925	-0.036641	1.000000	
3.250000	-0.371786	-0.554916	-0.035098	1.000000	
3.260000	-0.373159	-0.555914	-0.033544	1.000000	
3.270000	-0.374470	-0.556919	-0.031984	1.000000	
3.280000	-0.375718	-0.557930	-0.030420	1.000000	
3.290000	-0.376904	-0.558945	-0.028857	1.000000	
3.300000	-0.378027	-0.559964	-0.027297	1.000000	
3.310000	-0.379087	-0.560985	-0.025743	1.000000	
3.320000	-0.380086	-0.562009	-0.024199	1.000000	
3.330000	-0.381023	-0.563033	-0.022667	1.000000	
3.340000	-0.381900	-0.564057	-0.021151	1.000000	
3.350000	-0.382716	-0.565080	-0.019653	1.000000	
3.360000	-0.383472	-0.566101	-0.018175	1.000000	
3.370000	-0.384170	-0.567120	-0.016722	1.000000	
3.380000	-0.384810	-0.568135	-0.015294	1.000000	
3.390000	-0.385394	-0.569145	-0.013894	1.000000	
3.400000	-0.385922	-0.570151	-0.012525	1.000000	
3.410000	-0.386396	-0.571150	-0.011189	1.000000	
3.420000	-0.386818	-0.572142	-0.009888	1.000000	
3.430000	-0.387188	-0.573127	-0.008624	1.000000	
3.440000	-0.387508	-0.574103	-0.007399	1.000000	
3.450000	-0.387780	-0.575070	-0.006214	1.000000	
3.460000	-0.388006	-0.576028	-0.005071	1.000000	
3.470000	-0.388187	-0.576975	-0.003972	1.000000	
3.480000	-0.388324	-0.577911	-0.002918	1.000000	
3.490000	-0.388421	-0.578836	-0.001909	1.000000	
3.500000	-0.388478	-0.579748	-0.000948	1.000000	
3.510000	-0.388497	-0.580647	-0.000035	1.000000	
3.520000	-0.388481	-0.581534	0.000828	1.000000	
3.530000	-0.388432	-0.582406	0.001642	1.000000	
3.540000	-0.388351	-0.583265	0.002406	1.000000	
3.550000	-0.388240	-0.584109	0.003118	1.000000	
3.560000	-0.388102	-0.584937	0.003779	1.000000	
3.570000	-0.387938	-0.585751	0.004389	1.000000	
3.580000	-0.387751	-0.586549	0.004947	1.000000	
3.590000	-0.387543	-0.587331	0.005453	1.000000	
3.600000	-0.387316	-0.588096	0.005907	1.000000	
3.610000	-0.387071	-0.588846	0.006310	1.000000	
3.620000	-0.386812	-0.589578	0.006661	1.000000	
3.630000	-0.386539	-0.590294	0.006962	1.000000	
3.640000	-0.386255	-0.590993	0.007212	1.000000	
3.650000	-0.385963	-0.591675	0.007413	1.000000	
3.660000	-0.385663	-0.592340	0.007564	1.000000	
3.670000	-0.385358	-0.592987	0.007667	1.000000	
3.680000	-0.385050	-0.593618	0.007723	1.000000	
3.690000	-0.384741	-0.594231	0.007732	1.000000	
3.700000	-0.384432	-0.594827	0.007695	1.000000	
3.710000	-0.384126	-0.595406	0.007614	1.000000	
3.720000	-0.383824	-0.595968	0.007490	1.000000	
3.730000	-0.383527	-0.596513	0.007324	1.000000	
3.740000	-0.383238	-0.597042	0.007118	1.000000	
3.750000	-0.382959	-0.597554	0.006872	1.000000	
3.760000	-0.382689	-0.598049	0.006588	1.000000	
3.770000	-0.382432	-0.598529	0.006268	1.000000	
3.780000	-0.382188	-0.598992	0.005913	1.000000	
3.790000	-0.381959	-0.599440	0.005525	1.000000	
3.800000	-0.381747	-0.599872	0.005106	1.000000	
3.810000	-0.381551	-0.600290	0.004656	1.000000	
3.820000	-0.381375	-0.600692	0.004178	1.000000	
3.830000	-0.381217	-0.601080	0.003673	1.000000	
3.840000	-0.381081	-0.601454	0.003144	1.000000	
3.850000	-0.380966	-0.601814	0.002592	1.000000	
3.860000	-0.380874	-0.602160	0.002018	1.000000	
3.870000	-0.380805	-0.602494	0.001425	1.000000	
3.880000	-0.380760	-0.602815	0.000814	1.000000	
3.890000	-0.380740	-0.603123	0.000187	1.000000	
3.900000	-0.380745	-0.603420	-0.000454	1.000000	
3.910000	-0.380777	-0.603706	-0.001108	1.000000	
3.920000	-0.380834	-0.603980	-0.001772	1.000000	
3.930000	-0.380918	-0.604244	-0.002445	1.000000	
3.940000	-0.381030	-0.604498	-0.003124	1.000000	
3.950000	-0.381169	-0.604742	-0.003810	1.000000	
3.960000	-0.381335	-0.604977	-0.004498	1.000000	
3.970000	-0.381528	-0.605203	-0.005189	1.000000	
3.980000	-0.381750	-0.605421	-0.005880	1.000000	
3.990000	-0.381999	-0.605631	-0.006570	1.000000	
4.000000	-0.382275	-0.605834	-0.007257	1.000000	
4.010000	-0.382579	-0.606029	-0.007939	1.000000	
4.020000	-0.382910	-0.606219	-0.008615	1.000000	
4.030000	-0.383268	-0.606402	-0.009284	1.000000	
4.040000	-0.383653	-0.606580	-0.009944	1.000000	
4.050000	-0.384064	-0.606753	-0.010593	1.000000	
4.060000	-0.384500	-0.606921	-0.011231	1.000000	
4.070000	-0.384962	-0.607085	-0.011856	1.000000	
4.080000	-0.385449	-0.607246	-0.012467	1.000000	
4.090000	-0.385959	-0.607403	-0.013063	1.000000	
4.100000	-0.386493	-0.607557	-0.013642	1.000000	
4.110000	-0.387050	-0.607709	-0.014204	1.000000	
4.120000	-0.387630	-0.607858	-0.014748	1.000000	
4.130000	-0.388230	-0.608006	-0.015271	1.000000	
4.140000	-0.388851	-0.608152	-0.015775	1.000000	
4.150000	-0.389492	-0.608298	-0.016258	1.000000	
4.160000	-0.390151	-0.608443	-0.016718	1.000000	
4.170000	-0.390829	-0.608588	-0.017156	1.000000	
4.180000	-0.391524	-0.608733	-0.017571	1.000000	
4.190000	-0.392234	-0.608878	-0.017963	1.000000	
4.200000	-0.392960	-0.609025	-0.018329	1.000000	
4.210000	-0.393700	-0.609172	-0.018672	1.000000	
4.220000	-0.394454	-0.609320	-0.018989	1.000000	
4.230000	-0.395219	-0.609471	-0.019280	1.000000	
4.240000	-0.395996	-0.609623	-0.019546	1.000000	
4.250000	-0.396782	-0.609777	-0.019786	1.000000	
4.260000	-0.397578	-0.609934	-0.020000	1.000000	
4.270000	-0.398382	-0.610093	-0.020188	1.000000	
4.280000	-0.399193	-0.610255	-0.020350	1.000000	
4.290000	-0.400010	-0.610420	-0.020486	1.000000	
4.300000	-0.400832	-0.610588	-0.020596	1.000000	
4.310000	-0.401657	-0.610760	-0.020680	1.000000	
4.320000	-0.402486	-0.610935	-0.020738	1.000000	
4.330000	-0.403316	-0.611114	-0.020771	1.000000	
4.340000	-0.404147	-0.611296	-0.020779	1.000000	
4.350000	-0.404978	-0.611482	-0.020763	1.000000	
4.360000	-0.405808	-0.611672	-0.020721	1.000000	
4.370000	-0.406635	-0.611866	-0.020657	1.000000	
4.380000	-0.407460	-0.612064	-0.020568	1.000000	
4.390000	-0.408280	-0.612267	-0.020457	1.000000	
4.400000	-0.409096	-0.612473	-0.020324	1.000000	
4.410000	-0.409906	-0.612683	-0.020169	1.000000	
4.420000	-0.410709	-0.612898	-0.019993	1.000000	
4.430000	-0.411505	-0.613117	-0.019796	1.000000	
4.440000	-0.412293	-0.613339	-0.019580	1.000000	
4.450000	-0.413071	-0.613566	-0.019345	1.000000	
4.460000	-0.413840	-0.613797	-0.019093	1.000000	
4.470000	-0.414599	-0.614032	-0.018822	1.000000	
4.480000	-0.415346	-0.614270	-0.018536	1.000000	
4.490000	-0.416081	-0.614513	-0.018233	1.000000	
4.500000	-0.416804	-0.614759	-0.017916	1.000000	
4.510000	-0.417514	-0.615009	-0.017585	1.000000	
4.520000	-0.418211	-0.615262	-0.017241	1.000000	
4.530000	-0.418893	-0.615519	-0.016885	1.000000	
4.540000	-0.419561	-0.615779	-0.016518	1.000000	
4.550000	-0.420215	-0.616042	-0.016140	1.000000	
4.560000	-0.420853	-0.616308	-0.015753	1.000000	
4.570000	-0.421475	-0.616577	-0.015357	1.000000	
4.580000	-0.422081	-0.616848	-0.014954	1.000000	
4.590000	-0.422671	-0.617122	-0.014545	1.000000	
4.600000	-0.423245	-0.617399	-0.014130	1.000000	
4.610000	-0.423801	-0.617677	-0.013710	1.000000	
4.620000	-0.424341	-0.617957	-0.013286	1.000000	
4.630000	-0.424864	-0.618240	-0.012860	1.000000	
4.640000	-0.425370	-0.618523	-0.012431	1.000000	
4.650000	-0.425859	-0.618808	-0.012001	1.000000	
4.660000	-0.426330	-0.619094	-0.011571	1.000000	
4.670000	-0.426784	-0.619381	-0.011142	1.000000	
4.680000	-0.427221	-0.619669	-0.010714	1.000000	
4.690000	-0.427641	-0.619958	-0.010288	1.000000	
4.700000	-0.428045	-0.620246	-0.009865	1.000000	
4.710000	-0.428431	-0.620535	-0.009446	1.000000	
4.720000	-0.428800	-0.620824	-0.009032	1.000000	
4.730000	-0.429153	-0.621113	-0.008623	1.000000	
4.740000	-0.429490	-0.621401	-0.008220	1.000000	
4.750000	-0.429811	-0.621688	-0.007824	1.000000	
4.760000	-0.430116	-0.621975	-0.007435	1.000000	
4.770000	-0.430406	-0.622260	-0.007054	1.000000	
4.780000	-0.430681	-0.622544	-0.006682	1.000000	
4.790000	-0.430941	-0.622826	-0.006319	1.000000	
4.800000	-0.431186	-0.623107	-0.005965	1.000000	
4.810000	-0.431418	-0.623386	-0.005622	1.000000	
4.820000	-0.431636	-0.623663	-0.005290	1.000000	
4.830000	-0.431841	-0.623938	-0.004968	1.000000	
4.840000	-0.432034	-0.624210	-0.004658	1.000000	
4.850000	-0.432214	-0.624480	-0.004360	1.000000	
4.860000	-0.432383	-0.624747	-0.004075	1.000000	
4.870000	-0.432540	-0.625011	-0.003801	1.000000	
4.880000	-0.432687	-0.625272	-0.003541	1.000000	
4.890000	-0.432824	-0.625529	-0.003294	1.000000	
4.900000	-0.432951	-0.625784	-0.003060	1.000000	
4.910000	-0.433069	-0.626034	-0.002839	1.000000	
4.920000	-0.433178	-0.626282	-0.002633	1.000000	
4.930000	-0.433280	-0.626525	-0.002440	1.000000	
4.940000	-0.433374	-0.626765	-0.002260	1.000000	
4.950000	-0.433461	-0.627000	-0.002095	1.000000	
4.960000	-0.433541	-0.627232	-0.001944	1.000000	
4.970000	-0.433616	-0.627459	-0.001806	1.000000	
4.980000	-0.433686	-0.627682	-0.001683	1.000000	
4.990000	-0.433751	-0.627901	-0.001573	1.000000	
5.000000	-0.433812	-0.628115	-0.001477	1.000000	
5.010000	-0.433869	-0.628325	-0.001394	1.000000	
5.020000	-0.433924	-0.628530	-0.001325	1.000000	
5.030000	-0.433976	-0.628731	-0.001269	1.000000	
5.040000	-0.434026	-0.628927	-0.001227	1.000000	
5.050000	-0.434074	-0.629119	-0.001197	1.000000	
5.060000	-0.434121	-0.629306	-0.001179	1.000000	
5.070000	-0.434168	-0.629488	-0.001174	1.000000	
5.080000	-0.434216	-0.629665	-0.001181	1.000000	
5.090000	-0.434263	-0.629838	-0.001200	1.000000	
5.100000	-0.434312	-0.630006	-0.001230	1.000000	
5.110000	-0.434362	-0.630170	-0.001271	1.000000	
5.120000	-0.434413	-0.630328	-0.001323	1.000000	
5.130000	-0.434468	-0.630482	-0.001384	1.000000	
5.140000	-0.434524	-0.630632	-0.001456	1.000000	
5.150000	-0.434584	-0.630777	-0.001537	1.000000	
5.160000	-0.434647	-0.630918	-0.001628	1.000000	
5.170000	-0.434715	-0.631054	-0.001726	1.000000	
5.180000	-0.434786	-0.631185	-0.001833	1.000000	
5.190000	-0.434861	-0.631313	-0.001948	1.000000	
5.200000	-0.434942	-0.631436	-0.002069	1.000000	
5.210000	-0.435027	-0.631555	-0.002198	1.000000	
5.220000	-0.435118	-0.631669	-0.002332	1.000000	
5.230000	-0.435214	-0.631780	-0.002473	1.000000	
5.240000	-0.435315	-0.631887	-0.002619	1.000000	
5.250000	-0.435423	-0.631990	-0.002769	1.000000	
5.260000	-0.435537	-0.632089	-0.002924	1.000000	
5.270000	-0.435657	-0.632185	-0.003082	1.000000	
5.280000	-0.435784	-0.632277	-0.003244	1.000000	
5.290000	-0.435917	-0.632366	-0.003409	1.000000	
5.300000	-0.436056	-0.632452	-0.003576	1.000000	
5.310000	-0.436203	-0.632534	-0.003745	1.000000	
5.320000	-0.436356	-0.632613	-0.003915	1.000000	
5.330000	-0.436516	-0.632690	-0.004087	1.000000	
5.340000	-0.436683	-0.632763	-0.004258	1.000000	
5.350000	-0.436857	-0.632834	-0.004430	1.000000	
5.360000	-0.437037	-0.632902	-0.004602	1.000000	
5.370000	-0.437225	-0.632968	-0.004772	1.000000	
5.380000	-0.437419	-0.633032	-0.004941	1.000000	
5.390000	-0.437620	-0.633093	-0.005109	1.000000	
5.400000	-0.437828	-0.633152	-0.005274	1.000000	
5.410000	-0.438042	-0.633210	-0.005437	1.000000	
5.420000	-0.438263	-0.633266	-0.005597	1.000000	
5.430000	-0.438490	-0.633320	-0.005754	1.000000	
5.440000	-0.438723	-0.633372	-0.005908	1.000000	
5.450000	-0.438962	-0.633423	-0.006057	1.000000	
5.460000	-0.439207	-0.633473	-0.006202	1.000000	
5.470000	-0.439458	-0.633521	-0.006343	1.000000	
5.480000	-0.439715	-0.633569	-0.006479	1.000000	
5.490000	-0.439977	-0.633616	-0.006610	1.000000	
5.500000	-0.440244	-0.633661	-0.006735	1.000000	
5.510000	-0.440515	-0.633707	-0.006855	1.000000	
5.520000	-0.440792	-0.633751	-0.006969	1.000000	
5.530000	-0.441073	-0.633795	-0.007077	1.000000	
5.540000	-0.441358	-0.633839	-0.007179	1.000000	
5.550000	-0.441647	-0.633883	-0.007275	1.000000	
5.560000	-0.441940	-0.633926	-0.007364	1.000000	
5.570000	-0.442236	-0.633969	-0.007447	1.000000	
5.580000	-0.442536	-0.634013	-0.007523	1.000000	
5.590000	-0.442838	-0.634056	-0.007592	1.000000	
5.600000	-0.443143	-0.634100	-0.007654	1.000000	
5.610000	-0.443450	-0.634144	-0.007709	1.000000	
5.620000	-0.443760	-0.634189	-0.007758	1.000000	
5.630000	-0.444071	-0.634234	-0.007799	1.000000	
5.640000	-0.444383	-0.634279	-0.007833	1.000000	
5.650000	-0.444697	-0.634325	-0.007860	1.000000	
5.660000	-0.445012	-0.634372	-0.007880	1.000000	
5.670000	-0.445328	-0.634419	-0.007893	1.000000	
5.680000	-0.445643	-0.634468	-0.007899	1.000000	
5.690000	-0.445959	-0.634517	-0.007898	1.000000	
5.700000	-0.446275	-0.634567	-0.007891	1.000000	
5.710000	-0.446590	-0.634618	-0.007876	1.000000	
5.720000	-0.446905	-0.634669	-0.007855	1.000000	
5.730000	-0.447219	-0.634722	-0.007828	1.000000	
5.740000	-0.447531	-0.634776	-0.007794	1.000000	
5.750000	-0.447842	-0.634831	-0.007754	1.000000	
5.760000	-0.448152	-0.634887	-0.007708	1.000000	
5.770000	-0.448459	-0.634943	-0.007656	1.000000	
5.780000	-0.448764	-0.635001	-0.007598	1.000000	
5.790000	-0.449067	-0.635061	-0.007535	1.000000	
5.800000	-0.449367	-0.635121	-0.007466	1.000000	
5.810000	-0.449664	-0.635182	-0.007392	1.000000	
5.820000	-0.449958	-0.635244	-0.007314	1.000000	
5.830000	-0.450249	-0.635308	-0.007230	1.000000	
5.840000	-0.450536	-0.635372	-0.007142	1.000000	
5.850000	-0.450820	-0.635438	-0.007050	1.000000	
5.860000	-0.451100	-0.635504	-0.006954	1.000000	
5.870000	-0.451376	-0.635572	-0.006854	1.000000	
5.880000	-0.451648	-0.635640	-0.006750	1.000000	
5.890000	-0.451916	-0.635709	-0.006643	1.000000	
5.900000	-0.452180	-0.635780	-0.006533	1.000000	
5.910000	-0.452439	-0.635851	-0.006421	1.000000	
5.920000	-0.452694	-0.635923	-0.006305	1.000000	
5.930000	-0.452943	-0.635996	-0.006188	1.000000	
5.940000	-0.453189	-0.636069	-0.006068	1.000000	
5.950000	-0.453429	-0.636143	-0.005947	1.000000	
5.960000	-0.453664	-0.636218	-0.005824	1.000000	
5.970000	-0.453895	-0.636294	-0.005700	1.000000	
5.980000	-0.454120	-0.636370	-0.005574	1.000000	
5.990000	-0.454341	-0.636446	-0.005448	1.000000	
6.000000	-0.454556	-0.636523	-0.005322	1.000000	
6.010000	-0.454766	-0.636601	-0.005195	1.000000	
6.020000	-0.454972	-0.636678	-0.005068	1.000000	
6.030000	-0.455172	-0.636756	-0.004941	1.000000	
6.040000	-0.455367	-0.636834	-0.004815	1.000000	
6.050000	-0.455557	-0.636913	-0.004690	1.000000	
6.060000	-0.455742	-0.636991	-0.004565	1.000000	
6.070000	-0.455922	-0.637070	-0.004441	1.000000	
6.080000	-0.456097	-0.637148	-0.004319	1.000000	
6.090000	-0.456268	-0.637227	-0.004198	1.000000	
6.100000	-0.456433	-0.637305	-0.004079	1.000000	
6.110000	-0.456594	-0.637383	-0.003961	1.000000	
6.120000	-0.456750	-0.637461	-0.003846	1.000000	
6.130000	-0.456902	-0.637538	-0.003733	1.000000	
6.140000	-0.457049	-0.637615	-0.003622	1.000000	
6.150000	-0.457192	-0.637692	-0.003514	1.000000	
6.160000	-0.457330	-0.637768	-0.003409	1.000000	
6.170000	-0.457464	-0.637844	-0.003306	1.000000	
6.180000	-0.457595	-0.637919	-0.003206	1.000000	
6.190000	-0.457721	-0.637993	-0.003110	1.000000	
6.200000	-0.457843	-0.638067	-0.003016	1.000000	
6.210000	-0.457962	-0.638140	-0.002926	1.000000	
6.220000	-0.458078	-0.638212	-0.002839	1.000000	
6.230000	-0.458189	-0.638283	-0.002756	1.000000	
6.240000	-0.458298	-0.638353	-0.002677	1.000000	
6.250000	-0.458404	-0.638423	-0.002600	1.000000	
6.260000	-0.458506	-0.638491	-0.002528	1.000000	
6.270000	-0.458606	-0.638558	-0.002459	1.000000	
6.280000	-0.458703	-0.638625	-0.002394	1.000000	
6.290000	-0.458798	-0.638690	-0.002333	1.000000	
6.300000	-0.458890	-0.638754	-0.002276	1.000000	
6.310000	-0.458980	-0.638817	-0.002222	1.000000	
6.320000	-0.459068	-0.638878	-0.002173	1.000000	
6.330000	-0.459154	-0.638939	-0.002127	1.000000	
6.340000	-0.459238	-0.638998	-0.002085	1.000000	
6.350000	-0.459320	-0.639056	-0.002046	1.000000	
6.360000	-0.459402	-0.639112	-0.002012	1.000000	
6.370000	-0.459481	-0.639168	-0.001981	1.000000	
6.380000	-0.459560	-0.639222	-0.001954	1.000000	
6.390000	-0.459638	-0.639274	-0.001931	1.000000	
6.400000	-0.459715	-0.639326	-0.001911	1.000000	
6.410000	-0.459791	-0.639376	-0.001895	1.000000	
6.420000	-0.459866	-0.639424	-0.001882	1.000000	
6.430000	-0.459941	-0.639471	-0.001872	1.000000	
6.440000	-0.460016	-0.639517	-0.001866	1.000000	
6.450000	-0.460091	-0.639561	-0.001863	1.000000	
6.460000	-0.460165	-0.639605	-0.001863	1.000000	
6.470000	-0.460240	-0.639646	-0.001866	1.000000	
6.480000	-0.460314	-0.639687	-0.001873	1.000000	
6.490000	-0.460390	-0.639725	-0.001881	1.000000	
6.500000	-0.460465	-0.639763	-0.001893	1.000000	
6.510000	-0.460541	-0.639799	-0.001907	1.000000	
6.520000	-0.460618	-0.639834	-0.001924	1.000000	
6.530000	-0.460695	-0.639868	-0.001943	1.000000	
6.540000	-0.460773	-0.639900	-0.001964	1.000000	
6.550000	-0.460852	-0.639932	-0.001987	1.000000	
6.560000	-0.460932	-0.639961	-0.002013	1.000000	
6.570000	-0.461013	-0.639990	-0.002040	1.000000	
6.580000	-0.461095	-0.640018	-0.002068	1.000000	
6.590000	-0.461179	-0.640044	-0.002099	1.000000	
6.600000	-0.461263	-0.640069	-0.002131	1.000000	
6.610000	-0.461349	-0.640093	-0.002164	1.000000	
6.620000	-0.461436	-0.640116	-0.002198	1.000000	
6.630000	-0.461525	-0.640138	-0.002234	1.000000	
6.640000	-0.461615	-0.640159	-0.002270	1.000000	
6.650000	-0.461707	-0.640179	-0.002307	1.000000	
6.660000	-0.461800	-0.640198	-0.002345	1.000000	
6.670000	-0.461894	-0.640216	-0.002383	1.000000	
6.680000	-0.461990	-0.640233	-0.002422	1.000000	
6.690000	-0.462088	-0.640249	-0.002460	1.000000	
6.700000	-0.462187	-0.640265	-0.002499	1.000000	
6.710000	-0.462288	-0.640279	-0.002539	1.000000	
6.720000	-0.462390	-0.640293	-0.002577	1.000000	
6.730000	-0.462494	-0.640307	-0.002616	1.000000	
6.740000	-0.462599	-0.640319	-0.002655	1.000000	
6.750000	-0.462706	-0.640331	-0.002693	1.000000	
6.760000	-0.462815	-0.640343	-0.002730	1.000000	
6.770000	-0.462925	-0.640353	-0.002767	1.000000	
6.780000	-0.463036	-0.640364	-0.002803	1.000000	
6.790000	-0.463149	-0.640374	-0.002838	1.000000	
6.800000	-0.463263	-0.640383	-0.002872	1.000000	
6.810000	-0.463379	-0.640392	-0.002905	1.000000	
6.820000	-0.463496	-0.640401	-0.002937	1.000000	
6.830000	-0.463614	-0.640409	-0.002968	1.000000	
6.840000	-0.463733	-0.640417	-0.002998	1.000000	
6.850000	-0.463854	-0.640425	-0.003026	1.000000	
6.860000	-0.463975	-0.640432	-0.003053	1.000000	
6.870000	-0.464098	-0.640440	-0.003078	1.000000	
6.880000	-0.464221	-0.640447	-0.003102	1.000000	
6.890000	-0.464346	-0.640454	-0.003124	1.000000	
6.900000	-0.464471	-0.640461	-0.003145	1.000000	
6.910000	-0.464597	-0.640468	-0.003164	1.000000	
6.920000	-0.464724	-0.640474	-0.003181	1.000000	
6.930000	-0.464852	-0.640481	-0.003196	1.000000	
6.940000	-0.464980	-0.640488	-0.003210	1.000000	
6.950000	-0.465109	-0.640495	-0.003222	1.000000	
6.960000	-0.465238	-0.640502	-0.003232	1.000000	
6.970000	-0.465367	-0.640509	-0.003240	1.000000	
6.980000	-0.465497	-0.640516	-0.003247	1.000000	
6.990000	-0.465627	-0.640523	-0.003251	1.000000	
7.000000	-0.465757	-0.640530	-0.003254	1.000000	
7.010000	-0.465887	-0.640538	-0.003254	1.000000	
7.020000	-0.466017	-0.640546	-0.003253	1.000000	
7.030000	-0.466147	-0.640554	-0.003250	1.000000	
7.040000	-0.466277	-0.640562	-0.003245	1.000000	
7.050000	-0.466407	-0.640570	-0.003239	1.000000	
7.060000	-0.466536	-0.640579	-0.003230	1.000000	
7.070000	-0.466665	-0.640587	-0.003220	1.000000	
7.080000	-0.466794	-0.640596	-0.003208	1.000000	
7.090000	-0.466922	-0.640606	-0.003195	1.000000	
7.100000	-0.467050	-0.640615	-0.003179	1.000000	
7.110000	-0.467176	-0.640625	-0.003162	1.000000	
7.120000	-0.467303	-0.640635	-0.003144	1.000000	
7.130000	-0.467428	-0.640646	-0.003124	1.000000	
7.140000	-0.467552	-0.640657	-0.003102	1.000000	
7.150000	-0.467676	-0.640668	-0.003079	1.000000	
7.160000	-0.467799	-0.640679	-0.003055	1.000000	
7.170000	-0.467920	-0.640691	-0.003029	1.000000	
7.180000	-0.468041	-0.640703	-0.003002	1.000000	
7.190000	-0.468161	-0.640715	-0.002974	1.000000	
7.200000	-0.468279	-0.640727	-0.002945	1.000000	
7.210000	-0.468396	-0.640740	-0.002914	1.000000	
7.220000	-0.468512	-0.640753	-0.002883	1.000000	
7.230000	-0.468627	-0.640766	-0.002850	1.000000	
7.240000	-0.468740	-0.640780	-0.002817	1.000000	
7.250000	-0.468852	-0.640793	-0.002783	1.000000	
7.260000	-0.468963	-0.640807	-0.002748	1.000000	
7.270000	-0.469072	-0.640822	-0.002712	1.000000	
7.280000	-0.469180	-0.640836	-0.002676	1.000000	
7.290000	-0.469286	-0.640851	-0.002639	1.000000	
7.300000	-0.469391	-0.640866	-0.002602	1.000000	
7.310000	-0.469494	-0.640881	-0.002564	1.000000	
7.320000	-0.469596	-0.640896	-0.002526	1.000000	
7.330000	-0.469696	-0.640911	-0.002487	1.000000	
7.340000	-0.469795	-0.640927	-0.002448	1.000000	
7.350000	-0.469892	-0.640942	-0.002410	1.000000	
7.360000	-0.469988	-0.640958	-0.002371	1.000000	
7.370000	-0.470082	-0.640974	-0.002332	1.000000	
7.380000	-0.470174	-0.640989	-0.002293	1.000000	
7.390000	-0.470265	-0.641005	-0.002254	1.000000	
7.400000	-0.470355	-0.641021	-0.002215	1.000000	
7.410000	-0.470442	-0.641037	-0.002176	1.000000	
7.420000	-0.470529	-0.641053	-0.002138	1.000000	
7.430000	-0.470613	-0.641069	-0.002100	1.000000	
7.440000	-0.470697	-0.641085	-0.002063	1.000000	
7.450000	-0.470778	-0.641101	-0.002026	1.000000	
7.460000	-0.470859	-0.641117	-0.001989	1.000000	
7.470000	-0.470938	-0.641133	-0.001953	1.000000	
7.480000	-0.471015	-0.641148	-0.001918	1.000000	
7.490000	-0.471091	-0.641164	-0.001883	1.000000	
7.500000	-0.471166	-0.641180	-0.001848	1.000000	
7.510000	-0.471239	-0.641195	-0.001815	1.000000	
7.520000	-0.471311	-0.641210	-0.001782	1.000000	
7.530000	-0.471381	-0.641225	-0.001750	1.000000	
7.540000	-0.471451	-0.641240	-0.001719	1.000000	
7.550000	-0.471519	-0.641255	-0.001689	1.000000	
7.560000	-0.471586	-0.641269	-0.001660	1.000000	
7.570000	-0.471652	-0.641283	-0.001631	1.000000	
7.580000	-0.471717	-0.641297	-0.001604	1.000000	
7.590000	-0.471780	-0.641311	-0.001577	1.000000	
7.600000	-0.471843	-0.641325	-0.001551	1.000000	
7.610000	-0.471904	-0.641338	-0.001527	1.000000	
7.620000	-0.471965	-0.641351	-0.001503	1.000000	
7.630000	-0.472024	-0.641363	-0.001480	1.000000	
7.640000	-0.472083	-0.641376	-0.001459	1.000000	
7.650000	-0.472141	-0.641388	-0.001438	1.000000	
7.660000	-0.472198	-0.641400	-0.001419	1.000000	
7.670000	-0.472255	-0.641411	-0.001400	1.000000	
7.680000	-0.472310	-0.641422	-0.001383	1.000000	
7.690000	-0.472365	-0.641433	-0.001366	1.000000	
7.700000	-0.472420	-0.641443	-0.001351	1.000000	
7.710000	-0.472473	-0.641453	-0.001337	1.000000	
7.720000	-0.472527	-0.641463	-0.001324	1.000000	
7.730000	-0.472579	-0.641473	-0.001311	1.000000	
7.740000	-0.472632	-0.641482	-0.001300	1.000000	
7.750000	-0.472683	-0.641490	-0.001290	1.000000	
7.760000	-0.472735	-0.641498	-0.001280	1.000000	
7.770000	-0.472786	-0.641506	-0.001272	1.000000	
7.780000	-0.472837	-0.641514	-0.001265	1.000000	
7.790000	-0.472887	-0.641521	-0.001258	1.000000	
7.800000	-0.472937	-0.641528	-0.001252	1.000000	
7.810000	-0.472987	-0.641534	-0.001248	1.000000	
7.820000	-0.473037	-0.641540	-0.001244	1.000000	
7.830000	-0.473087	-0.641546	-0.001241	1.000000	
7.840000	-0.473136	-0.641551	-0.001238	1.000000	
7.850000	-0.473186	-0.641556	-0.001237	1.000000	
7.860000	-0.473235	-0.641561	-0.001236	1.000000	
7.870000	-0.473285	-0.641565	-0.001236	1.000000	
7.880000	-0.473334	-0.641569	-0.001236	1.000000	
7.890000	-0.473384	-0.641573	-0.001238	1.000000	
7.900000	-0.473433	-0.641576	-0.001239	1.000000	
7.910000	-0.473483	-0.641579	-0.001242	1.000000	
7.920000	-0.473532	-0.641581	-0.001245	1.000000	
7.930000	-0.473582	-0.641584	-0.001248	1.000000	
7.940000	-0.473632	-0.641585	-0.001252	1.000000	
7.950000	-0.473683	-0.641587	-0.001256	1.000000	
7.960000	-0.473733	-0.641588	-0.001261	1.000000	
7.970000	-0.473783	-0.641589	-0.001266	1.000000	
7.980000	-0.473834	-0.641590	-0.001272	1.000000	
7.990000	-0.473885	-0.641591	-0.001277	1.000000	
8.000000	-0.473936	-0.641591	-0.001283	1.000000	
8.010000	-0.473988	-0.641591	-0.001289	1.000000	
8.020000	-0.474040	-0.641591	-0.001296	1.000000	
8.030000	-0.474091	-0.641590	-0.001302	1.000000	
8.040000	-0.474144	-0.641589	-0.001309	1.000000	
8.050000	-0.474196	-0.641588	-0.001316	1.000000	
8.060000	-0.474249	-0.641587	-0.001322	1.000000	
8.070000	-0.474302	-0.641586	-0.001329	1.000000	
8.080000	-0.474355	-0.641584	-0.001336	1.000000	
8.090000	-0.474409	-0.641583	-0.001343	1.000000	
8.100000	-0.474463	-0.641581	-0.001349	1.000000	
8.110000	-0.474517	-0.641579	-0.001356	1.000000	
8.120000	-0.474571	-0.641577	-0.001362	1.000000	
8.130000	-0.474626	-0.641574	-0.001369	1.000000	
8.140000	-0.474681	-0.641572	-0.001375	1.000000	
8.150000	-0.474736	-0.641569	-0.001381	1.000000	
8.160000	-0.474791	-0.641567	-0.001386	1.000000	
8.170000	-0.474847	-0.641564	-0.001392	1.000000	
8.180000	-0.474902	-0.641561	-0.001397	1.000000	
8.190000	-0.474958	-0.641558	-0.001401	1.000000	
8.200000	-0.475015	-0.641555	-0.001406	1.000000	
8.210000	-0.475071	-0.641552	-0.001410	1.000000	
8.220000	-0.475127	-0.641549	-0.001414	1.000000	
8.230000	-0.475184	-0.641546	-0.001417	1.000000	
8.240000	-0.475241	-0.641543	-0.001420	1.000000	
8.250000	-0.475298	-0.641539	-0.001423	1.000000	
8.260000	-0.475355	-0.641536	-0.001425	1.000000	
8.270000	-0.475412	-0.641533	-0.001427	1.000000	
8.280000	-0.475469	-0.641530	-0.001428	1.000000	
8.290000	-0.475526	-0.641526	-0.001429	1.000000	
8.300000	-0.475583	-0.641523	-0.001429	1.000000	
8.310000	-0.475640	-0.641520	-0.001429	1.000000	
8.320000	-0.475697	-0.641517	-0.001429	1.000000	
8.330000	-0.475754	-0.641514	-0.001428	1.000000	
8.340000	-0.475812	-0.641511	-0.001426	1.000000	
8.350000	-0.475869	-0.641508	-0.001424	1.000000	
8.360000	-0.475925	-0.641505	-0.001422	1.000000	
8.370000	-0.475982	-0.641502	-0.001419	1.000000	
8.380000	-0.476039	-0.641499	-0.001416	1.000000	
8.390000	-0.476096	-0.641496	-0.001412	1.000000	
8.400000	-0.476152	-0.641493	-0.001408	1.000000	
8.410000	-0.476208	-0.641490	-0.001403	1.000000	
8.420000	-0.476264	-0.641488	-0.001398	1.000000	
8.430000	-0.476320	-0.641485	-0.001392	1.000000	
8.440000	-0.476376	-0.641483	-0.001386	1.000000	
8.450000	-0.476431	-0.641480	-0.001379	1.000000	
8.460000	-0.476486	-0.641478	-0.001372	1.000000	
8.470000	-0.476541	-0.641476	-0.001365	1.000000	
8.480000	-0.476595	-0.641474	-0.001357	1.000000	
8.490000	-0.476649	-0.641472	-0.001349	1.000000	
8.500000	-0.476703	-0.641470	-0.001340	1.000000	
8.510000	-0.476756	-0.641468	-0.001332	1.000000	
8.520000	-0.476810	-0.641466	-0.001322	1.000000	
8.530000	-0.476862	-0.641464	-0.001313	1.000000	
8.540000	-0.476915	-0.641463	-0.001303	1.000000	
8.550000	-0.476966	-0.641461	-0.001292	1.000000	
8.560000	-0.477018	-0.641460	-0.001282	1.000000	
8.570000	-0.477069	-0.641458	-0.001271	1.000000	
8.580000	-0.477120	-0.641457	-0.001260	1.000000	
8.590000	-0.477170	-0.641456	-0.001249	1.000000	
8.600000	-0.477219	-0.641454	-0.001237	1.000000	
8.610000	-0.477269	-0.641453	-0.001226	1.000000	
8.620000	-0.477318	-0.641452	-0.001214	1.000000	
8.630000	-0.477366	-0.641451	-0.001202	1.000000	
8.640000	-0.477414	-0.641451	-0.001189	1.000000	
8.650000	-0.477461	-0.641450	-0.001177	1.000000	
8.660000	-0.477508	-0.641449	-0.001164	1.000000	
8.670000	-0.477554	-0.641448	-0.001152	1.000000	
8.680000	-0.477600	-0.641448	-0.001139	1.000000	
8.690000	-0.477645	-0.641447	-0.001126	1.000000	
8.700000	-0.477690	-0.641446	-0.001114	1.000000	
8.710000	-0.477734	-0.641446	-0.001101	1.000000	
8.720000	-0.477778	-0.641445	-0.001088	1.000000	
8.730000	-0.477821	-0.641445	-0.001075	1.000000	
8.740000	-0.477864	-0.641444	-0.001062	1.000000	
8.750000	-0.477906	-0.641444	-0.001050	1.000000	
8.760000	-0.477948	-0.641444	-0.001037	1.000000	
8.770000	-0.477989	-0.641443	-0.001024	1.000000	
8.780000	-0.478030	-0.641443	-0.001012	1.000000	
8.790000	-0.478070	-0.641443	-0.000999	1.000000	
8.800000	-0.478110	-0.641442	-0.000987	1.000000	
8.810000	-0.478149	-0.641442	-0.000975	1.000000	
8.820000	-0.478188	-0.641442	-0.000963	1.000000	
8.830000	-0.478226	-0.641441	-0.000951	1.000000	
8.840000	-0.478264	-0.641441	-0.000939	1.000000	
8.850000	-0.478301	-0.641440	-0.000927	1.000000	
8.860000	-0.478338	-0.641440	-0.000916	1.000000	
8.870000	-0.478375	-0.641440	-0.000905	1.000000	
8.880000	-0.478411	-0.641439	-0.000894	1.000000	
8.890000	-0.478446	-0.641439	-0.000883	1.000000	
8.900000	-0.478481	-0.641438	-0.000873	1.000000	
8.910000	-0.478516	-0.641437	-0.000862	1.000000	
8.920000	-0.478550	-0.641437	-0.000852	1.000000	
8.930000	-0.478584	-0.641436	-0.000842	1.000000	
8.940000	-0.478618	-0.641435	-0.000833	1.000000	
8.950000	-0.478651	-0.641435	-0.000824	1.000000	
8.960000	-0.478683	-0.641434	-0.000815	1.000000	
8.970000	-0.478716	-0.641433	-0.000806	1.000000	
8.980000	-0.478748	-0.641432	-0.000798	1.000000	
8.990000	-0.478780	-0.641431	-0.000789	1.000000	
9.000000	-0.478811	-0.641430	-0.000782	1.000000	
9.010000	-0.478842	-0.641429	-0.000774	1.000000	
9.020000	-0.478873	-0.641428	-0.000767	1.000000	
9.030000	-0.478904	-0.641426	-0.000760	1.000000	
9.040000	-0.478934	-0.641425	-0.000753	1.000000	
9.050000	-0.478964	-0.641423	-0.000746	1.000000	
9.060000	-0.478994	-0.641422	-0.000740	1.000000	
9.070000	-0.479023	-0.641420	-0.000734	1.000000	
9.080000	-0.479052	-0.641418	-0.000729	1.000000	
9.090000	-0.479081	-0.641417	-0.000723	1.000000	
9.100000	-0.479110	-0.641415	-0.000718	1.000000	
9.110000	-0.479139	-0.641413	-0.000714	1.000000	
9.120000	-0.479167	-0.641411	-0.000709	1.000000	
9.130000	-0.479196	-0.641409	-0.000705	1.000000	
9.140000	-0.479224	-0.641407	-0.000701	1.000000	
9.150000	-0.479252	-0.641404	-0.000697	1.000000	
9.160000	-0.479279	-0.641402	-0.000694	1.000000	
9.170000	-0.479307	-0.641399	-0.000691	1.000000	
9.180000	-0.479335	-0.641397	-0.000687	1.000000	
9.190000	-0.479362	-0.641394	-0.000685	1.000000	
9.200000	-0.479389	-0.641391	-0.000682	1.000000	
9.210000	-0.479417	-0.641389	-0.000680	1.000000	
9.220000	-0.479444	-0.641386	-0.000678	1.000000	
9.230000	-0.479471	-0.641383	-0.000676	1.000000	
9.240000	-0.479498	-0.641380	-0.000674	1.000000	
9.250000	-0.479525	-0.641377	-0.000672	1.000000	
9.260000	-0.479552	-0.641373	-0.000671	1.000000	
9.270000	-0.479579	-0.641370	-0.000670	1.000000	
9.280000	-0.479605	-0.641367	-0.000669	1.000000	
9.290000	-0.479632	-0.641363	-0.000668	1.000000	
9.300000	-0.479659	-0.641360	-0.000667	1.000000	
9.310000	-0.479685	-0.641356	-0.000666	1.000000	
9.320000	-0.479712	-0.641353	-0.000666	1.000000	
9.330000	-0.479739	-0.641349	-0.000665	1.000000	
9.340000	-0.479765	-0.641345	-0.000665	1.000000	
9.350000	-0.479792	-0.641342	-0.000664	1.000000	
9.360000	-0.479818	-0.641338	-0.000664	1.000000	
9.370000	-0.479845	-0.641334	-0.000664	1.000000	
9.380000	-0.479871	-0.641330	-0.000664	1.000000	
9.390000	-0.479898	-0.641326	-0.000664	1.000000	
9.400000	-0.479925	-0.641322	-0.000664	1.000000	
9.410000	-0.479951	-0.641318	-0.000664	1.000000	
9.420000	-0.479978	-0.641313	-0.000664	1.000000	
9.430000	-0.480004	-0.641309	-0.000664	1.000000	
9.440000	-0.480031	-0.641305	-0.000664	1.000000	
9.450000	-0.480057	-0.641301	-0.000664	1.000000	
9.460000	-0.480084	-0.641296	-0.000664	1.000000	
9.470000	-0.480111	-0.641292	-0.000664	1.000000	
9.480000	-0.480137	-0.641288	-0.000664	1.000000	
9.490000	-0.480164	-0.641283	-0.000664	1.000000	
9.500000	-0.480190	-0.641279	-0.000664	1.000000	
9.510000	-0.480217	-0.641275	-0.000664	1.000000	
9.520000	-0.480243	-0.641270	-0.000664	1.000000	
9.530000	-0.480270	-0.641266	-0.000664	1.000000	
9.540000	-0.480297	-0.641261	-0.000664	1.000000	
9.550000	-0.480323	-0.641257	-0.000663	1.000000	
9.560000	-0.480350	-0.641252	-0.000663	1.000000	
9.570000	-0.480376	-0.641248	-0.000662	1.000000	
9.580000	-0.480403	-0.641243	-0.000662	1.000000	
9.590000	-0.480429	-0.641239	-0.000661	1.000000	
9.600000	-0.480456	-0.641234	-0.000660	1.000000	
9.610000	-0.480482	-0.641230	-0.000660	1.000000	
9.620000	-0.480508	-0.641225	-0.000659	1.000000	
9.630000	-0.480535	-0.641221	-0.000658	1.000000	
9.640000	-0.480561	-0.641216	-0.000656	1.000000	
9.650000	-0.480587	-0.641212	-0.000655	1.000000	
9.660000	-0.480613	-0.641208	-0.000654	1.000000	
9.670000	-0.480639	-0.641203	-0.000652	1.000000	
9.680000	-0.480665	-0.641199	-0.000650	1.000000	
9.690000	-0.480691	-0.641194	-0.000649	1.000000	
9.700000	-0.480717	-0.641190	-0.000647	1.000000	
9.710000	-0.480743	-0.641186	-0.000645	1.000000	
9.720000	-0.480769	-0.641181	-0.000643	1.000000	
9.730000	-0.480795	-0.641177	-0.000641	1.000000	
9.740000	-0.480820	-0.641173	-0.000638	1.000000	
9.750000	-0.480846	-0.641169	-0.000636	1.000000	
9.760000	-0.480871	-0.641165	-0.000633	1.000000	
9.770000	-0.480896	-0.641160	-0.000631	1.000000	
9.780000	-0.480921	-0.641156	-0.000628	1.000000	
9.790000	-0.480947	-0.641152	-0.000625	1.000000	
9.800000	-0.480971	-0.641148	-0.000622	1.000000	
9.810000	-0.480996	-0.641144	-0.000619	1.000000	
9.820000	-0.481021	-0.641140	-0.000615	1.000000	
9.830000	-0.481046	-0.641136	-0.000612	1.000000	
9.840000	-0.481070	-0.641132	-0.000609	1.000000	
9.850000	-0.481094	-0.641128	-0.000605	1.000000	
9.860000	-0.481118	-0.641124	-0.000602	1.000000	
9.870000	-0.481142	-0.641121	-0.000598	1.000000	
9.880000	-0.481166	-0.641117	-0.000594	1.000000	
9.890000	-0.481190	-0.641113	-0.000590	1.000000	
9.900000	-0.481213	-0.641109	-0.000586	1.000000	
9.910000	-0.481237	-0.641106	-0.000582	1.000000	
9.920000	-0.481260	-0.641102	-0.000578	1.000000	
9.930000	-0.481283	-0.641098	-0.000574	1.000000	
9.940000	-0.481306	-0.641095	-0.000570	1.000000	
9.950000	-0.481329	-0.641091	-0.000565	1.000000	
9.960000	-0.481351	-0.641088	-0.000561	1.000000	
9.970000	-0.481373	-0.641084	-0.000557	1.000000	
9.980000	-0.481396	-0.641081	-0.000552	1.000000	
9.990000	-0.481418	-0.641077	-0.000548	1.000000	
10.000000	-0.481439	-0.641074	-0.000543	1.000000	
