## Spin Boson Model Simulation Results using Tom Fays Code
### Parameters:
# epsilon = 1.000000
# Delta = 2.000000
# beta = 1.000000
# lambda_D = 1.000000
# omega_D = 1.000000
# dt = 0.010000
# n_steps = 1000
# krylov_dim = 8
# krylov_tol = 1.000000e-08
# L_max = 5
# M_max = 5
# 
## Results:
# t	\left<\sigma_x(t)\right>	\left<\sigma_y(t)\right>	\left<\sigma_z(t)\right>
0.000000	0.000000	0.000000	1.000000	1.000000	
0.010000	0.000397	-0.039963	0.999200	1.000000	
0.020000	0.001574	-0.079767	0.996805	1.000000	
0.030000	0.003509	-0.119285	0.992823	1.000000	
0.040000	0.006173	-0.158395	0.987268	1.000000	
0.050000	0.009537	-0.196981	0.980158	1.000000	
0.060000	0.013567	-0.234930	0.971518	1.000000	
0.070000	0.018227	-0.272136	0.961374	1.000000	
0.080000	0.023478	-0.308495	0.949758	1.000000	
0.090000	0.029281	-0.343911	0.936707	1.000000	
0.100000	0.035591	-0.378293	0.922259	1.000000	
0.110000	0.042367	-0.411554	0.906458	1.000000	
0.120000	0.049561	-0.443613	0.889351	1.000000	
0.130000	0.057128	-0.474396	0.870986	1.000000	
0.140000	0.065021	-0.503833	0.851417	1.000000	
0.150000	0.073192	-0.531862	0.830698	1.000000	
0.160000	0.081593	-0.558424	0.808888	1.000000	
0.170000	0.090177	-0.583468	0.786045	1.000000	
0.180000	0.098897	-0.606947	0.762231	1.000000	
0.190000	0.107704	-0.628823	0.737510	1.000000	
0.200000	0.116553	-0.649060	0.711947	1.000000	
0.210000	0.125398	-0.667629	0.685608	1.000000	
0.220000	0.134194	-0.684509	0.658559	1.000000	
0.230000	0.142898	-0.699681	0.630870	1.000000	
0.240000	0.151467	-0.713134	0.602608	1.000000	
0.250000	0.159861	-0.724861	0.573842	1.000000	
0.260000	0.168040	-0.734860	0.544642	1.000000	
0.270000	0.175968	-0.743135	0.515076	1.000000	
0.280000	0.183609	-0.749694	0.485214	1.000000	
0.290000	0.190928	-0.754551	0.455123	1.000000	
0.300000	0.197896	-0.757723	0.424872	1.000000	
0.310000	0.204481	-0.759233	0.394528	1.000000	
0.320000	0.210656	-0.759106	0.364156	1.000000	
0.330000	0.216397	-0.757372	0.333821	1.000000	
0.340000	0.221680	-0.754066	0.303587	1.000000	
0.350000	0.226484	-0.749225	0.273516	1.000000	
0.360000	0.230791	-0.742890	0.243669	1.000000	
0.370000	0.234584	-0.735104	0.214104	1.000000	
0.380000	0.237849	-0.725914	0.184879	1.000000	
0.390000	0.240574	-0.715370	0.156049	1.000000	
0.400000	0.242750	-0.703524	0.127667	1.000000	
0.410000	0.244369	-0.690428	0.099784	1.000000	
0.420000	0.245425	-0.676141	0.072448	1.000000	
0.430000	0.245916	-0.660719	0.045708	1.000000	
0.440000	0.245839	-0.644222	0.019605	1.000000	
0.450000	0.245196	-0.626712	-0.005817	1.000000	
0.460000	0.243988	-0.608249	-0.030519	1.000000	
0.470000	0.242221	-0.588897	-0.054465	1.000000	
0.480000	0.239899	-0.568720	-0.077620	1.000000	
0.490000	0.237032	-0.547783	-0.099952	1.000000	
0.500000	0.233627	-0.526149	-0.121433	1.000000	
0.510000	0.229696	-0.503885	-0.142036	1.000000	
0.520000	0.225250	-0.481055	-0.161736	1.000000	
0.530000	0.220304	-0.457725	-0.180513	1.000000	
0.540000	0.214872	-0.433958	-0.198348	1.000000	
0.550000	0.208969	-0.409819	-0.215225	1.000000	
0.560000	0.202613	-0.385373	-0.231130	1.000000	
0.570000	0.195821	-0.360681	-0.246052	1.000000	
0.580000	0.188612	-0.335806	-0.259982	1.000000	
0.590000	0.181006	-0.310809	-0.272915	1.000000	
0.600000	0.173021	-0.285750	-0.284846	1.000000	
0.610000	0.164680	-0.260688	-0.295774	1.000000	
0.620000	0.156002	-0.235680	-0.305702	1.000000	
0.630000	0.147010	-0.210782	-0.314630	1.000000	
0.640000	0.137726	-0.186048	-0.322566	1.000000	
0.650000	0.128171	-0.161533	-0.329517	1.000000	
0.660000	0.118368	-0.137286	-0.335492	1.000000	
0.670000	0.108339	-0.113356	-0.340504	1.000000	
0.680000	0.098107	-0.089793	-0.344566	1.000000	
0.690000	0.087693	-0.066641	-0.347693	1.000000	
0.700000	0.077121	-0.043943	-0.349903	1.000000	
0.710000	0.066413	-0.021743	-0.351215	1.000000	
0.720000	0.055589	-0.000078	-0.351650	1.000000	
0.730000	0.044672	0.021012	-0.351229	1.000000	
0.740000	0.033683	0.041493	-0.349977	1.000000	
0.750000	0.022643	0.061332	-0.347918	1.000000	
0.760000	0.011572	0.080497	-0.345079	1.000000	
0.770000	0.000489	0.098959	-0.341488	1.000000	
0.780000	-0.010585	0.116691	-0.337172	1.000000	
0.790000	-0.021632	0.133669	-0.332163	1.000000	
0.800000	-0.032633	0.149870	-0.326489	1.000000	
0.810000	-0.043572	0.165274	-0.320184	1.000000	
0.820000	-0.054431	0.179863	-0.313278	1.000000	
0.830000	-0.065193	0.193622	-0.305806	1.000000	
0.840000	-0.075844	0.206536	-0.297800	1.000000	
0.850000	-0.086369	0.218593	-0.289294	1.000000	
0.860000	-0.096752	0.229785	-0.280324	1.000000	
0.870000	-0.106982	0.240103	-0.270923	1.000000	
0.880000	-0.117044	0.249543	-0.261127	1.000000	
0.890000	-0.126928	0.258101	-0.250971	1.000000	
0.900000	-0.136622	0.265776	-0.240491	1.000000	
0.910000	-0.146116	0.272568	-0.229721	1.000000	
0.920000	-0.155400	0.278479	-0.218697	1.000000	
0.930000	-0.164464	0.283515	-0.207454	1.000000	
0.940000	-0.173302	0.287681	-0.196028	1.000000	
0.950000	-0.181906	0.290984	-0.184452	1.000000	
0.960000	-0.190268	0.293436	-0.172760	1.000000	
0.970000	-0.198384	0.295046	-0.160988	1.000000	
0.980000	-0.206247	0.295828	-0.149168	1.000000	
0.990000	-0.213854	0.295796	-0.137333	1.000000	
1.000000	-0.221200	0.294965	-0.125515	1.000000	
1.010000	-0.228283	0.293354	-0.113746	1.000000	
1.020000	-0.235100	0.290980	-0.102057	1.000000	
1.030000	-0.241650	0.287864	-0.090477	1.000000	
1.040000	-0.247930	0.284027	-0.079037	1.000000	
1.050000	-0.253941	0.279490	-0.067764	1.000000	
1.060000	-0.259684	0.274278	-0.056687	1.000000	
1.070000	-0.265157	0.268414	-0.045831	1.000000	
1.080000	-0.270363	0.261924	-0.035222	1.000000	
1.090000	-0.275304	0.254834	-0.024885	1.000000	
1.100000	-0.279981	0.247172	-0.014843	1.000000	
1.110000	-0.284397	0.238964	-0.005118	1.000000	
1.120000	-0.288557	0.230240	0.004267	1.000000	
1.130000	-0.292463	0.221028	0.013294	1.000000	
1.140000	-0.296119	0.211358	0.021943	1.000000	
1.150000	-0.299531	0.201259	0.030197	1.000000	
1.160000	-0.302702	0.190764	0.038039	1.000000	
1.170000	-0.305639	0.179901	0.045453	1.000000	
1.180000	-0.308348	0.168702	0.052426	1.000000	
1.190000	-0.310833	0.157199	0.058945	1.000000	
1.200000	-0.313102	0.145422	0.064999	1.000000	
1.210000	-0.315161	0.133404	0.070576	1.000000	
1.220000	-0.317017	0.121174	0.075668	1.000000	
1.230000	-0.318677	0.108765	0.080268	1.000000	
1.240000	-0.320149	0.096208	0.084367	1.000000	
1.250000	-0.321439	0.083533	0.087963	1.000000	
1.260000	-0.322556	0.070771	0.091049	1.000000	
1.270000	-0.323507	0.057953	0.093624	1.000000	
1.280000	-0.324301	0.045108	0.095685	1.000000	
1.290000	-0.324945	0.032266	0.097232	1.000000	
1.300000	-0.325448	0.019456	0.098267	1.000000	
1.310000	-0.325819	0.006705	0.098789	1.000000	
1.320000	-0.326065	-0.005957	0.098804	1.000000	
1.330000	-0.326194	-0.018504	0.098314	1.000000	
1.340000	-0.326217	-0.030909	0.097326	1.000000	
1.350000	-0.326140	-0.043147	0.095844	1.000000	
1.360000	-0.325972	-0.055193	0.093877	1.000000	
1.370000	-0.325722	-0.067022	0.091431	1.000000	
1.380000	-0.325398	-0.078612	0.088518	1.000000	
1.390000	-0.325009	-0.089940	0.085146	1.000000	
1.400000	-0.324562	-0.100985	0.081327	1.000000	
1.410000	-0.324066	-0.111726	0.077071	1.000000	
1.420000	-0.323529	-0.122144	0.072393	1.000000	
1.430000	-0.322959	-0.132220	0.067304	1.000000	
1.440000	-0.322364	-0.141938	0.061820	1.000000	
1.450000	-0.321752	-0.151281	0.055954	1.000000	
1.460000	-0.321129	-0.160234	0.049723	1.000000	
1.470000	-0.320503	-0.168782	0.043141	1.000000	
1.480000	-0.319883	-0.176913	0.036226	1.000000	
1.490000	-0.319273	-0.184615	0.028994	1.000000	
1.500000	-0.318682	-0.191878	0.021462	1.000000	
1.510000	-0.318116	-0.198691	0.013649	1.000000	
1.520000	-0.317582	-0.205047	0.005573	1.000000	
1.530000	-0.317085	-0.210938	-0.002748	1.000000	
1.540000	-0.316631	-0.216358	-0.011296	1.000000	
1.550000	-0.316227	-0.221303	-0.020050	1.000000	
1.560000	-0.315877	-0.225767	-0.028993	1.000000	
1.570000	-0.315587	-0.229750	-0.038105	1.000000	
1.580000	-0.315361	-0.233249	-0.047367	1.000000	
1.590000	-0.315205	-0.236263	-0.056759	1.000000	
1.600000	-0.315123	-0.238794	-0.066262	1.000000	
1.610000	-0.315118	-0.240843	-0.075856	1.000000	
1.620000	-0.315195	-0.242413	-0.085523	1.000000	
1.630000	-0.315358	-0.243507	-0.095243	1.000000	
1.640000	-0.315608	-0.244131	-0.104997	1.000000	
1.650000	-0.315950	-0.244290	-0.114767	1.000000	
1.660000	-0.316387	-0.243990	-0.124534	1.000000	
1.670000	-0.316919	-0.243240	-0.134280	1.000000	
1.680000	-0.317551	-0.242048	-0.143987	1.000000	
1.690000	-0.318282	-0.240424	-0.153638	1.000000	
1.700000	-0.319116	-0.238377	-0.163216	1.000000	
1.710000	-0.320053	-0.235918	-0.172703	1.000000	
1.720000	-0.321095	-0.233059	-0.182084	1.000000	
1.730000	-0.322241	-0.229813	-0.191342	1.000000	
1.740000	-0.323493	-0.226193	-0.200464	1.000000	
1.750000	-0.324850	-0.222211	-0.209433	1.000000	
1.760000	-0.326312	-0.217884	-0.218236	1.000000	
1.770000	-0.327880	-0.213225	-0.226859	1.000000	
1.780000	-0.329552	-0.208250	-0.235290	1.000000	
1.790000	-0.331328	-0.202974	-0.243515	1.000000	
1.800000	-0.333206	-0.197415	-0.251524	1.000000	
1.810000	-0.335185	-0.191588	-0.259305	1.000000	
1.820000	-0.337264	-0.185510	-0.266848	1.000000	
1.830000	-0.339440	-0.179199	-0.274143	1.000000	
1.840000	-0.341712	-0.172673	-0.281181	1.000000	
1.850000	-0.344078	-0.165948	-0.287954	1.000000	
1.860000	-0.346534	-0.159043	-0.294454	1.000000	
1.870000	-0.349079	-0.151976	-0.300675	1.000000	
1.880000	-0.351710	-0.144765	-0.306610	1.000000	
1.890000	-0.354423	-0.137428	-0.312255	1.000000	
1.900000	-0.357216	-0.129982	-0.317603	1.000000	
1.910000	-0.360085	-0.122447	-0.322652	1.000000	
1.920000	-0.363026	-0.114840	-0.327398	1.000000	
1.930000	-0.366038	-0.107178	-0.331838	1.000000	
1.940000	-0.369114	-0.099480	-0.335972	1.000000	
1.950000	-0.372253	-0.091763	-0.339797	1.000000	
1.960000	-0.375449	-0.084045	-0.343313	1.000000	
1.970000	-0.378700	-0.076341	-0.346520	1.000000	
1.980000	-0.382001	-0.068669	-0.349420	1.000000	
1.990000	-0.385347	-0.061045	-0.352015	1.000000	
2.000000	-0.388735	-0.053485	-0.354305	1.000000	
2.010000	-0.392161	-0.046005	-0.356294	1.000000	
2.020000	-0.395620	-0.038620	-0.357987	1.000000	
2.030000	-0.399107	-0.031343	-0.359385	1.000000	
2.040000	-0.402620	-0.024191	-0.360496	1.000000	
2.050000	-0.406153	-0.017175	-0.361323	1.000000	
2.060000	-0.409701	-0.010310	-0.361872	1.000000	
2.070000	-0.413262	-0.003608	-0.362150	1.000000	
2.080000	-0.416830	0.002919	-0.362163	1.000000	
2.090000	-0.420401	0.009260	-0.361918	1.000000	
2.100000	-0.423972	0.015404	-0.361424	1.000000	
2.110000	-0.427537	0.021340	-0.360689	1.000000	
2.120000	-0.431094	0.027059	-0.359720	1.000000	
2.130000	-0.434637	0.032552	-0.358527	1.000000	
2.140000	-0.438163	0.037811	-0.357119	1.000000	
2.150000	-0.441668	0.042827	-0.355506	1.000000	
2.160000	-0.445148	0.047595	-0.353696	1.000000	
2.170000	-0.448600	0.052107	-0.351701	1.000000	
2.180000	-0.452019	0.056358	-0.349531	1.000000	
2.190000	-0.455404	0.060344	-0.347196	1.000000	
2.200000	-0.458749	0.064059	-0.344707	1.000000	
2.210000	-0.462053	0.067500	-0.342075	1.000000	
2.220000	-0.465311	0.070664	-0.339311	1.000000	
2.230000	-0.468521	0.073550	-0.336426	1.000000	
2.240000	-0.471680	0.076154	-0.333431	1.000000	
2.250000	-0.474785	0.078477	-0.330337	1.000000	
2.260000	-0.477834	0.080518	-0.327156	1.000000	
2.270000	-0.480825	0.082277	-0.323900	1.000000	
2.280000	-0.483754	0.083756	-0.320578	1.000000	
2.290000	-0.486621	0.084955	-0.317203	1.000000	
2.300000	-0.489422	0.085877	-0.313785	1.000000	
2.310000	-0.492156	0.086524	-0.310336	1.000000	
2.320000	-0.494822	0.086901	-0.306867	1.000000	
2.330000	-0.497418	0.087010	-0.303388	1.000000	
2.340000	-0.499943	0.086856	-0.299910	1.000000	
2.350000	-0.502395	0.086445	-0.296443	1.000000	
2.360000	-0.504774	0.085780	-0.292997	1.000000	
2.370000	-0.507078	0.084869	-0.289584	1.000000	
2.380000	-0.509307	0.083718	-0.286211	1.000000	
2.390000	-0.511461	0.082333	-0.282889	1.000000	
2.400000	-0.513538	0.080721	-0.279627	1.000000	
2.410000	-0.515539	0.078890	-0.276435	1.000000	
2.420000	-0.517464	0.076849	-0.273319	1.000000	
2.430000	-0.519312	0.074604	-0.270289	1.000000	
2.440000	-0.521085	0.072166	-0.267353	1.000000	
2.450000	-0.522781	0.069542	-0.264519	1.000000	
2.460000	-0.524402	0.066742	-0.261792	1.000000	
2.470000	-0.525949	0.063775	-0.259181	1.000000	
2.480000	-0.527421	0.060650	-0.256692	1.000000	
2.490000	-0.528821	0.057379	-0.254331	1.000000	
2.500000	-0.530148	0.053970	-0.252104	1.000000	
2.510000	-0.531405	0.050434	-0.250015	1.000000	
2.520000	-0.532592	0.046781	-0.248071	1.000000	
2.530000	-0.533711	0.043021	-0.246274	1.000000	
2.540000	-0.534763	0.039164	-0.244630	1.000000	
2.550000	-0.535749	0.035222	-0.243142	1.000000	
2.560000	-0.536672	0.031205	-0.241814	1.000000	
2.570000	-0.537533	0.027122	-0.240647	1.000000	
2.580000	-0.538335	0.022985	-0.239645	1.000000	
2.590000	-0.539078	0.018804	-0.238809	1.000000	
2.600000	-0.539765	0.014590	-0.238141	1.000000	
2.610000	-0.540398	0.010351	-0.237642	1.000000	
2.620000	-0.540979	0.006099	-0.237313	1.000000	
2.630000	-0.541511	0.001844	-0.237154	1.000000	
2.640000	-0.541995	-0.002404	-0.237165	1.000000	
2.650000	-0.542434	-0.006637	-0.237346	1.000000	
2.660000	-0.542830	-0.010844	-0.237696	1.000000	
2.670000	-0.543186	-0.015017	-0.238213	1.000000	
2.680000	-0.543503	-0.019145	-0.238897	1.000000	
2.690000	-0.543786	-0.023221	-0.239744	1.000000	
2.700000	-0.544035	-0.027236	-0.240753	1.000000	
2.710000	-0.544253	-0.031181	-0.241922	1.000000	
2.720000	-0.544443	-0.035049	-0.243247	1.000000	
2.730000	-0.544608	-0.038832	-0.244725	1.000000	
2.740000	-0.544749	-0.042523	-0.246352	1.000000	
2.750000	-0.544869	-0.046114	-0.248125	1.000000	
2.760000	-0.544971	-0.049600	-0.250040	1.000000	
2.770000	-0.545057	-0.052972	-0.252092	1.000000	
2.780000	-0.545130	-0.056227	-0.254276	1.000000	
2.790000	-0.545191	-0.059357	-0.256588	1.000000	
2.800000	-0.545244	-0.062359	-0.259023	1.000000	
2.810000	-0.545291	-0.065226	-0.261575	1.000000	
2.820000	-0.545333	-0.067954	-0.264239	1.000000	
2.830000	-0.545373	-0.070540	-0.267010	1.000000	
2.840000	-0.545413	-0.072979	-0.269880	1.000000	
2.850000	-0.545456	-0.075268	-0.272846	1.000000	
2.860000	-0.545504	-0.077405	-0.275900	1.000000	
2.870000	-0.545557	-0.079386	-0.279036	1.000000	
2.880000	-0.545620	-0.081209	-0.282249	1.000000	
2.890000	-0.545692	-0.082874	-0.285531	1.000000	
2.900000	-0.545777	-0.084377	-0.288876	1.000000	
2.910000	-0.545875	-0.085719	-0.292279	1.000000	
2.920000	-0.545989	-0.086898	-0.295732	1.000000	
2.930000	-0.546120	-0.087915	-0.299229	1.000000	
2.940000	-0.546270	-0.088769	-0.302763	1.000000	
2.950000	-0.546440	-0.089462	-0.306328	1.000000	
2.960000	-0.546632	-0.089993	-0.309918	1.000000	
2.970000	-0.546846	-0.090363	-0.313525	1.000000	
2.980000	-0.547084	-0.090576	-0.317145	1.000000	
2.990000	-0.547346	-0.090631	-0.320769	1.000000	
3.000000	-0.547635	-0.090532	-0.324393	1.000000	
3.010000	-0.547951	-0.090281	-0.328010	1.000000	
3.020000	-0.548295	-0.089881	-0.331614	1.000000	
3.030000	-0.548667	-0.089334	-0.335198	1.000000	
3.040000	-0.549068	-0.088645	-0.338758	1.000000	
3.050000	-0.549499	-0.087816	-0.342288	1.000000	
3.060000	-0.549960	-0.086852	-0.345782	1.000000	
3.070000	-0.550452	-0.085757	-0.349234	1.000000	
3.080000	-0.550975	-0.084534	-0.352641	1.000000	
3.090000	-0.551528	-0.083190	-0.355996	1.000000	
3.100000	-0.552113	-0.081728	-0.359294	1.000000	
3.110000	-0.552730	-0.080153	-0.362532	1.000000	
3.120000	-0.553377	-0.078471	-0.365705	1.000000	
3.130000	-0.554056	-0.076686	-0.368809	1.000000	
3.140000	-0.554766	-0.074805	-0.371839	1.000000	
3.150000	-0.555506	-0.072832	-0.374792	1.000000	
3.160000	-0.556277	-0.070774	-0.377664	1.000000	
3.170000	-0.557077	-0.068637	-0.380453	1.000000	
3.180000	-0.557907	-0.066425	-0.383154	1.000000	
3.190000	-0.558766	-0.064146	-0.385766	1.000000	
3.200000	-0.559653	-0.061804	-0.388285	1.000000	
3.210000	-0.560568	-0.059407	-0.390709	1.000000	
3.220000	-0.561509	-0.056960	-0.393037	1.000000	
3.230000	-0.562476	-0.054469	-0.395265	1.000000	
3.240000	-0.563468	-0.051940	-0.397394	1.000000	
3.250000	-0.564485	-0.049380	-0.399420	1.000000	
3.260000	-0.565524	-0.046795	-0.401344	1.000000	
3.270000	-0.566586	-0.044190	-0.403164	1.000000	
3.280000	-0.567668	-0.041572	-0.404879	1.000000	
3.290000	-0.568771	-0.038946	-0.406489	1.000000	
3.300000	-0.569892	-0.036318	-0.407994	1.000000	
3.310000	-0.571031	-0.033694	-0.409395	1.000000	
3.320000	-0.572186	-0.031080	-0.410690	1.000000	
3.330000	-0.573357	-0.028481	-0.411881	1.000000	
3.340000	-0.574541	-0.025903	-0.412969	1.000000	
3.350000	-0.575738	-0.023350	-0.413954	1.000000	
3.360000	-0.576945	-0.020828	-0.414837	1.000000	
3.370000	-0.578163	-0.018343	-0.415621	1.000000	
3.380000	-0.579390	-0.015898	-0.416305	1.000000	
3.390000	-0.580623	-0.013499	-0.416893	1.000000	
3.400000	-0.581863	-0.011149	-0.417386	1.000000	
3.410000	-0.583107	-0.008854	-0.417786	1.000000	
3.420000	-0.584354	-0.006617	-0.418095	1.000000	
3.430000	-0.585603	-0.004442	-0.418316	1.000000	
3.440000	-0.586852	-0.002334	-0.418451	1.000000	
3.450000	-0.588100	-0.000295	-0.418503	1.000000	
3.460000	-0.589346	0.001672	-0.418476	1.000000	
3.470000	-0.590589	0.003562	-0.418371	1.000000	
3.480000	-0.591827	0.005374	-0.418192	1.000000	
3.490000	-0.593058	0.007105	-0.417942	1.000000	
3.500000	-0.594283	0.008752	-0.417624	1.000000	
3.510000	-0.595498	0.010312	-0.417243	1.000000	
3.520000	-0.596704	0.011785	-0.416801	1.000000	
3.530000	-0.597899	0.013168	-0.416301	1.000000	
3.540000	-0.599082	0.014460	-0.415748	1.000000	
3.550000	-0.600252	0.015660	-0.415146	1.000000	
3.560000	-0.601407	0.016766	-0.414497	1.000000	
3.570000	-0.602547	0.017778	-0.413806	1.000000	
3.580000	-0.603671	0.018695	-0.413076	1.000000	
3.590000	-0.604778	0.019516	-0.412311	1.000000	
3.600000	-0.605867	0.020242	-0.411516	1.000000	
3.610000	-0.606937	0.020873	-0.410693	1.000000	
3.620000	-0.607987	0.021408	-0.409847	1.000000	
3.630000	-0.609016	0.021849	-0.408982	1.000000	
3.640000	-0.610025	0.022196	-0.408101	1.000000	
3.650000	-0.611011	0.022450	-0.407207	1.000000	
3.660000	-0.611975	0.022612	-0.406306	1.000000	
3.670000	-0.612916	0.022683	-0.405400	1.000000	
3.680000	-0.613833	0.022665	-0.404492	1.000000	
3.690000	-0.614727	0.022559	-0.403588	1.000000	
3.700000	-0.615596	0.022368	-0.402689	1.000000	
3.710000	-0.616440	0.022092	-0.401799	1.000000	
3.720000	-0.617259	0.021735	-0.400923	1.000000	
3.730000	-0.618053	0.021298	-0.400062	1.000000	
3.740000	-0.618821	0.020784	-0.399220	1.000000	
3.750000	-0.619564	0.020195	-0.398400	1.000000	
3.760000	-0.620280	0.019535	-0.397605	1.000000	
3.770000	-0.620971	0.018805	-0.396838	1.000000	
3.780000	-0.621637	0.018010	-0.396102	1.000000	
3.790000	-0.622276	0.017151	-0.395398	1.000000	
3.800000	-0.622890	0.016232	-0.394730	1.000000	
3.810000	-0.623478	0.015256	-0.394100	1.000000	
3.820000	-0.624041	0.014226	-0.393511	1.000000	
3.830000	-0.624579	0.013146	-0.392963	1.000000	
3.840000	-0.625092	0.012019	-0.392459	1.000000	
3.850000	-0.625581	0.010849	-0.392002	1.000000	
3.860000	-0.626045	0.009638	-0.391592	1.000000	
3.870000	-0.626486	0.008391	-0.391231	1.000000	
3.880000	-0.626904	0.007111	-0.390921	1.000000	
3.890000	-0.627299	0.005802	-0.390663	1.000000	
3.900000	-0.627671	0.004466	-0.390457	1.000000	
3.910000	-0.628022	0.003108	-0.390306	1.000000	
3.920000	-0.628352	0.001732	-0.390209	1.000000	
3.930000	-0.628662	0.000340	-0.390168	1.000000	
3.940000	-0.628951	-0.001063	-0.390182	1.000000	
3.950000	-0.629222	-0.002475	-0.390253	1.000000	
3.960000	-0.629474	-0.003891	-0.390380	1.000000	
3.970000	-0.629708	-0.005309	-0.390564	1.000000	
3.980000	-0.629925	-0.006725	-0.390805	1.000000	
3.990000	-0.630126	-0.008135	-0.391102	1.000000	
4.000000	-0.630312	-0.009537	-0.391455	1.000000	
4.010000	-0.630483	-0.010928	-0.391865	1.000000	
4.020000	-0.630640	-0.012303	-0.392329	1.000000	
4.030000	-0.630784	-0.013661	-0.392849	1.000000	
4.040000	-0.630916	-0.014998	-0.393422	1.000000	
4.050000	-0.631036	-0.016312	-0.394048	1.000000	
4.060000	-0.631146	-0.017599	-0.394727	1.000000	
4.070000	-0.631246	-0.018858	-0.395456	1.000000	
4.080000	-0.631337	-0.020085	-0.396235	1.000000	
4.090000	-0.631421	-0.021279	-0.397062	1.000000	
4.100000	-0.631497	-0.022436	-0.397937	1.000000	
4.110000	-0.631567	-0.023556	-0.398857	1.000000	
4.120000	-0.631631	-0.024635	-0.399821	1.000000	
4.130000	-0.631690	-0.025672	-0.400827	1.000000	
4.140000	-0.631746	-0.026666	-0.401874	1.000000	
4.150000	-0.631799	-0.027613	-0.402960	1.000000	
4.160000	-0.631849	-0.028514	-0.404082	1.000000	
4.170000	-0.631898	-0.029366	-0.405240	1.000000	
4.180000	-0.631946	-0.030168	-0.406431	1.000000	
4.190000	-0.631995	-0.030920	-0.407653	1.000000	
4.200000	-0.632044	-0.031619	-0.408904	1.000000	
4.210000	-0.632094	-0.032266	-0.410182	1.000000	
4.220000	-0.632146	-0.032859	-0.411484	1.000000	
4.230000	-0.632202	-0.033398	-0.412810	1.000000	
4.240000	-0.632261	-0.033882	-0.414155	1.000000	
4.250000	-0.632324	-0.034311	-0.415519	1.000000	
4.260000	-0.632391	-0.034685	-0.416899	1.000000	
4.270000	-0.632464	-0.035004	-0.418293	1.000000	
4.280000	-0.632543	-0.035268	-0.419699	1.000000	
4.290000	-0.632627	-0.035477	-0.421114	1.000000	
4.300000	-0.632719	-0.035630	-0.422536	1.000000	
4.310000	-0.632818	-0.035730	-0.423964	1.000000	
4.320000	-0.632925	-0.035776	-0.425394	1.000000	
4.330000	-0.633039	-0.035768	-0.426825	1.000000	
4.340000	-0.633162	-0.035708	-0.428255	1.000000	
4.350000	-0.633294	-0.035596	-0.429681	1.000000	
4.360000	-0.633435	-0.035434	-0.431102	1.000000	
4.370000	-0.633585	-0.035222	-0.432515	1.000000	
4.380000	-0.633745	-0.034962	-0.433919	1.000000	
4.390000	-0.633915	-0.034654	-0.435312	1.000000	
4.400000	-0.634095	-0.034301	-0.436691	1.000000	
4.410000	-0.634285	-0.033903	-0.438055	1.000000	
4.420000	-0.634485	-0.033462	-0.439402	1.000000	
4.430000	-0.634695	-0.032980	-0.440731	1.000000	
4.440000	-0.634916	-0.032458	-0.442040	1.000000	
4.450000	-0.635148	-0.031898	-0.443328	1.000000	
4.460000	-0.635390	-0.031301	-0.444592	1.000000	
4.470000	-0.635642	-0.030670	-0.445831	1.000000	
4.480000	-0.635905	-0.030007	-0.447045	1.000000	
4.490000	-0.636178	-0.029312	-0.448231	1.000000	
4.500000	-0.636461	-0.028589	-0.449389	1.000000	
4.510000	-0.636754	-0.027839	-0.450518	1.000000	
4.520000	-0.637058	-0.027064	-0.451616	1.000000	
4.530000	-0.637371	-0.026266	-0.452683	1.000000	
4.540000	-0.637693	-0.025447	-0.453717	1.000000	
4.550000	-0.638025	-0.024610	-0.454718	1.000000	
4.560000	-0.638365	-0.023756	-0.455686	1.000000	
4.570000	-0.638715	-0.022887	-0.456619	1.000000	
4.580000	-0.639073	-0.022006	-0.457517	1.000000	
4.590000	-0.639439	-0.021115	-0.458379	1.000000	
4.600000	-0.639813	-0.020215	-0.459206	1.000000	
4.610000	-0.640194	-0.019309	-0.459996	1.000000	
4.620000	-0.640583	-0.018398	-0.460750	1.000000	
4.630000	-0.640978	-0.017485	-0.461468	1.000000	
4.640000	-0.641379	-0.016572	-0.462149	1.000000	
4.650000	-0.641787	-0.015661	-0.462794	1.000000	
4.660000	-0.642200	-0.014753	-0.463402	1.000000	
4.670000	-0.642618	-0.013851	-0.463974	1.000000	
4.680000	-0.643040	-0.012956	-0.464510	1.000000	
4.690000	-0.643467	-0.012070	-0.465011	1.000000	
4.700000	-0.643898	-0.011195	-0.465476	1.000000	
4.710000	-0.644332	-0.010332	-0.465906	1.000000	
4.720000	-0.644768	-0.009484	-0.466303	1.000000	
4.730000	-0.645207	-0.008651	-0.466665	1.000000	
4.740000	-0.645648	-0.007836	-0.466995	1.000000	
4.750000	-0.646091	-0.007039	-0.467292	1.000000	
4.760000	-0.646534	-0.006262	-0.467558	1.000000	
4.770000	-0.646978	-0.005507	-0.467794	1.000000	
4.780000	-0.647422	-0.004774	-0.467999	1.000000	
4.790000	-0.647865	-0.004066	-0.468176	1.000000	
4.800000	-0.648308	-0.003382	-0.468325	1.000000	
4.810000	-0.648749	-0.002724	-0.468447	1.000000	
4.820000	-0.649188	-0.002093	-0.468543	1.000000	
4.830000	-0.649626	-0.001490	-0.468615	1.000000	
4.840000	-0.650060	-0.000916	-0.468663	1.000000	
4.850000	-0.650492	-0.000371	-0.468688	1.000000	
4.860000	-0.650920	0.000144	-0.468693	1.000000	
4.870000	-0.651344	0.000628	-0.468677	1.000000	
4.880000	-0.651764	0.001081	-0.468643	1.000000	
4.890000	-0.652179	0.001503	-0.468591	1.000000	
4.900000	-0.652589	0.001893	-0.468523	1.000000	
4.910000	-0.652994	0.002250	-0.468440	1.000000	
4.920000	-0.653393	0.002575	-0.468344	1.000000	
4.930000	-0.653786	0.002868	-0.468235	1.000000	
4.940000	-0.654173	0.003128	-0.468115	1.000000	
4.950000	-0.654553	0.003356	-0.467985	1.000000	
4.960000	-0.654926	0.003551	-0.467847	1.000000	
4.970000	-0.655292	0.003714	-0.467701	1.000000	
4.980000	-0.655651	0.003845	-0.467550	1.000000	
4.990000	-0.656002	0.003945	-0.467394	1.000000	
5.000000	-0.656345	0.004013	-0.467235	1.000000	
5.010000	-0.656680	0.004050	-0.467073	1.000000	
5.020000	-0.657007	0.004057	-0.466911	1.000000	
5.030000	-0.657325	0.004035	-0.466749	1.000000	
5.040000	-0.657635	0.003983	-0.466589	1.000000	
5.050000	-0.657937	0.003902	-0.466431	1.000000	
5.060000	-0.658229	0.003794	-0.466277	1.000000	
5.070000	-0.658513	0.003659	-0.466128	1.000000	
5.080000	-0.658788	0.003498	-0.465985	1.000000	
5.090000	-0.659054	0.003312	-0.465848	1.000000	
5.100000	-0.659311	0.003101	-0.465720	1.000000	
5.110000	-0.659560	0.002866	-0.465600	1.000000	
5.120000	-0.659799	0.002610	-0.465491	1.000000	
5.130000	-0.660029	0.002332	-0.465392	1.000000	
5.140000	-0.660250	0.002033	-0.465305	1.000000	
5.150000	-0.660463	0.001716	-0.465230	1.000000	
5.160000	-0.660666	0.001380	-0.465168	1.000000	
5.170000	-0.660861	0.001027	-0.465119	1.000000	
5.180000	-0.661048	0.000659	-0.465086	1.000000	
5.190000	-0.661226	0.000276	-0.465067	1.000000	
5.200000	-0.661395	-0.000121	-0.465064	1.000000	
5.210000	-0.661556	-0.000530	-0.465077	1.000000	
5.220000	-0.661710	-0.000950	-0.465106	1.000000	
5.230000	-0.661855	-0.001380	-0.465153	1.000000	
5.240000	-0.661993	-0.001819	-0.465217	1.000000	
5.250000	-0.662123	-0.002265	-0.465298	1.000000	
5.260000	-0.662246	-0.002717	-0.465398	1.000000	
5.270000	-0.662361	-0.003175	-0.465516	1.000000	
5.280000	-0.662470	-0.003636	-0.465652	1.000000	
5.290000	-0.662572	-0.004100	-0.465807	1.000000	
5.300000	-0.662668	-0.004566	-0.465980	1.000000	
5.310000	-0.662758	-0.005032	-0.466172	1.000000	
5.320000	-0.662842	-0.005497	-0.466383	1.000000	
5.330000	-0.662920	-0.005960	-0.466612	1.000000	
5.340000	-0.662992	-0.006420	-0.466859	1.000000	
5.350000	-0.663060	-0.006876	-0.467125	1.000000	
5.360000	-0.663123	-0.007327	-0.467409	1.000000	
5.370000	-0.663181	-0.007772	-0.467712	1.000000	
5.380000	-0.663235	-0.008210	-0.468031	1.000000	
5.390000	-0.663285	-0.008640	-0.468368	1.000000	
5.400000	-0.663332	-0.009061	-0.468722	1.000000	
5.410000	-0.663375	-0.009472	-0.469093	1.000000	
5.420000	-0.663415	-0.009872	-0.469480	1.000000	
5.430000	-0.663452	-0.010261	-0.469883	1.000000	
5.440000	-0.663486	-0.010638	-0.470301	1.000000	
5.450000	-0.663519	-0.011001	-0.470733	1.000000	
5.460000	-0.663549	-0.011351	-0.471180	1.000000	
5.470000	-0.663578	-0.011687	-0.471641	1.000000	
5.480000	-0.663605	-0.012007	-0.472115	1.000000	
5.490000	-0.663632	-0.012312	-0.472602	1.000000	
5.500000	-0.663657	-0.012602	-0.473100	1.000000	
5.510000	-0.663682	-0.012874	-0.473610	1.000000	
5.520000	-0.663707	-0.013130	-0.474130	1.000000	
5.530000	-0.663731	-0.013369	-0.474660	1.000000	
5.540000	-0.663756	-0.013590	-0.475199	1.000000	
5.550000	-0.663781	-0.013793	-0.475747	1.000000	
5.560000	-0.663807	-0.013977	-0.476302	1.000000	
5.570000	-0.663834	-0.014144	-0.476865	1.000000	
5.580000	-0.663861	-0.014292	-0.477433	1.000000	
5.590000	-0.663891	-0.014422	-0.478008	1.000000	
5.600000	-0.663921	-0.014532	-0.478587	1.000000	
5.610000	-0.663954	-0.014625	-0.479170	1.000000	
5.620000	-0.663988	-0.014698	-0.479757	1.000000	
5.630000	-0.664025	-0.014753	-0.480346	1.000000	
5.640000	-0.664063	-0.014789	-0.480937	1.000000	
5.650000	-0.664104	-0.014807	-0.481529	1.000000	
5.660000	-0.664148	-0.014807	-0.482121	1.000000	
5.670000	-0.664194	-0.014789	-0.482713	1.000000	
5.680000	-0.664244	-0.014753	-0.483304	1.000000	
5.690000	-0.664296	-0.014700	-0.483893	1.000000	
5.700000	-0.664351	-0.014630	-0.484480	1.000000	
5.710000	-0.664409	-0.014543	-0.485063	1.000000	
5.720000	-0.664470	-0.014440	-0.485643	1.000000	
5.730000	-0.664535	-0.014320	-0.486218	1.000000	
5.740000	-0.664603	-0.014186	-0.486788	1.000000	
5.750000	-0.664675	-0.014036	-0.487353	1.000000	
5.760000	-0.664750	-0.013872	-0.487911	1.000000	
5.770000	-0.664828	-0.013695	-0.488462	1.000000	
5.780000	-0.664910	-0.013503	-0.489006	1.000000	
5.790000	-0.664995	-0.013299	-0.489542	1.000000	
5.800000	-0.665084	-0.013083	-0.490070	1.000000	
5.810000	-0.665176	-0.012856	-0.490589	1.000000	
5.820000	-0.665272	-0.012617	-0.491098	1.000000	
5.830000	-0.665371	-0.012368	-0.491598	1.000000	
5.840000	-0.665474	-0.012109	-0.492088	1.000000	
5.850000	-0.665580	-0.011842	-0.492567	1.000000	
5.860000	-0.665689	-0.011566	-0.493035	1.000000	
5.870000	-0.665801	-0.011283	-0.493492	1.000000	
5.880000	-0.665917	-0.010993	-0.493938	1.000000	
5.890000	-0.666036	-0.010696	-0.494371	1.000000	
5.900000	-0.666157	-0.010394	-0.494793	1.000000	
5.910000	-0.666282	-0.010088	-0.495203	1.000000	
5.920000	-0.666409	-0.009777	-0.495600	1.000000	
5.930000	-0.666539	-0.009463	-0.495985	1.000000	
5.940000	-0.666672	-0.009146	-0.496357	1.000000	
5.950000	-0.666807	-0.008828	-0.496717	1.000000	
5.960000	-0.666944	-0.008508	-0.497063	1.000000	
5.970000	-0.667084	-0.008187	-0.497397	1.000000	
5.980000	-0.667226	-0.007866	-0.497718	1.000000	
5.990000	-0.667369	-0.007546	-0.498027	1.000000	
6.000000	-0.667514	-0.007228	-0.498322	1.000000	
6.010000	-0.667662	-0.006911	-0.498605	1.000000	
6.020000	-0.667810	-0.006598	-0.498875	1.000000	
6.030000	-0.667960	-0.006287	-0.499133	1.000000	
6.040000	-0.668111	-0.005980	-0.499378	1.000000	
6.050000	-0.668263	-0.005678	-0.499611	1.000000	
6.060000	-0.668416	-0.005380	-0.499832	1.000000	
6.070000	-0.668569	-0.005088	-0.500042	1.000000	
6.080000	-0.668724	-0.004802	-0.500239	1.000000	
6.090000	-0.668878	-0.004522	-0.500426	1.000000	
6.100000	-0.669033	-0.004250	-0.500601	1.000000	
6.110000	-0.669188	-0.003984	-0.500766	1.000000	
6.120000	-0.669343	-0.003727	-0.500920	1.000000	
6.130000	-0.669497	-0.003477	-0.501064	1.000000	
6.140000	-0.669652	-0.003237	-0.501198	1.000000	
6.150000	-0.669805	-0.003005	-0.501323	1.000000	
6.160000	-0.669958	-0.002782	-0.501439	1.000000	
6.170000	-0.670111	-0.002569	-0.501546	1.000000	
6.180000	-0.670262	-0.002366	-0.501645	1.000000	
6.190000	-0.670412	-0.002172	-0.501735	1.000000	
6.200000	-0.670561	-0.001989	-0.501818	1.000000	
6.210000	-0.670708	-0.001817	-0.501895	1.000000	
6.220000	-0.670854	-0.001655	-0.501964	1.000000	
6.230000	-0.670998	-0.001504	-0.502027	1.000000	
6.240000	-0.671141	-0.001363	-0.502084	1.000000	
6.250000	-0.671281	-0.001234	-0.502136	1.000000	
6.260000	-0.671420	-0.001116	-0.502183	1.000000	
6.270000	-0.671556	-0.001009	-0.502226	1.000000	
6.280000	-0.671690	-0.000912	-0.502264	1.000000	
6.290000	-0.671822	-0.000827	-0.502299	1.000000	
6.300000	-0.671952	-0.000753	-0.502330	1.000000	
6.310000	-0.672079	-0.000690	-0.502359	1.000000	
6.320000	-0.672203	-0.000638	-0.502386	1.000000	
6.330000	-0.672325	-0.000596	-0.502410	1.000000	
6.340000	-0.672444	-0.000565	-0.502434	1.000000	
6.350000	-0.672560	-0.000545	-0.502456	1.000000	
6.360000	-0.672673	-0.000535	-0.502477	1.000000	
6.370000	-0.672784	-0.000535	-0.502499	1.000000	
6.380000	-0.672891	-0.000544	-0.502520	1.000000	
6.390000	-0.672996	-0.000564	-0.502542	1.000000	
6.400000	-0.673097	-0.000593	-0.502566	1.000000	
6.410000	-0.673196	-0.000631	-0.502590	1.000000	
6.420000	-0.673291	-0.000678	-0.502616	1.000000	
6.430000	-0.673384	-0.000733	-0.502644	1.000000	
6.440000	-0.673473	-0.000797	-0.502675	1.000000	
6.450000	-0.673559	-0.000869	-0.502708	1.000000	
6.460000	-0.673642	-0.000948	-0.502744	1.000000	
6.470000	-0.673722	-0.001034	-0.502784	1.000000	
6.480000	-0.673799	-0.001128	-0.502827	1.000000	
6.490000	-0.673873	-0.001227	-0.502874	1.000000	
6.500000	-0.673944	-0.001333	-0.502926	1.000000	
6.510000	-0.674012	-0.001445	-0.502981	1.000000	
6.520000	-0.674077	-0.001562	-0.503041	1.000000	
6.530000	-0.674139	-0.001684	-0.503106	1.000000	
6.540000	-0.674198	-0.001811	-0.503176	1.000000	
6.550000	-0.674254	-0.001941	-0.503251	1.000000	
6.560000	-0.674308	-0.002076	-0.503331	1.000000	
6.570000	-0.674359	-0.002213	-0.503417	1.000000	
6.580000	-0.674407	-0.002354	-0.503508	1.000000	
6.590000	-0.674453	-0.002497	-0.503605	1.000000	
6.600000	-0.674496	-0.002643	-0.503708	1.000000	
6.610000	-0.674537	-0.002790	-0.503817	1.000000	
6.620000	-0.674575	-0.002938	-0.503931	1.000000	
6.630000	-0.674611	-0.003087	-0.504052	1.000000	
6.640000	-0.674645	-0.003237	-0.504178	1.000000	
6.650000	-0.674677	-0.003386	-0.504311	1.000000	
6.660000	-0.674707	-0.003536	-0.504449	1.000000	
6.670000	-0.674735	-0.003685	-0.504594	1.000000	
6.680000	-0.674761	-0.003832	-0.504744	1.000000	
6.690000	-0.674785	-0.003979	-0.504900	1.000000	
6.700000	-0.674808	-0.004123	-0.505062	1.000000	
6.710000	-0.674829	-0.004266	-0.505230	1.000000	
6.720000	-0.674848	-0.004406	-0.505404	1.000000	
6.730000	-0.674867	-0.004544	-0.505583	1.000000	
6.740000	-0.674884	-0.004678	-0.505767	1.000000	
6.750000	-0.674899	-0.004809	-0.505957	1.000000	
6.760000	-0.674914	-0.004936	-0.506152	1.000000	
6.770000	-0.674928	-0.005060	-0.506352	1.000000	
6.780000	-0.674941	-0.005179	-0.506556	1.000000	
6.790000	-0.674953	-0.005294	-0.506766	1.000000	
6.800000	-0.674965	-0.005405	-0.506980	1.000000	
6.810000	-0.674975	-0.005510	-0.507198	1.000000	
6.820000	-0.674986	-0.005610	-0.507421	1.000000	
6.830000	-0.674996	-0.005706	-0.507647	1.000000	
6.840000	-0.675006	-0.005795	-0.507877	1.000000	
6.850000	-0.675015	-0.005880	-0.508111	1.000000	
6.860000	-0.675025	-0.005958	-0.508347	1.000000	
6.870000	-0.675034	-0.006031	-0.508587	1.000000	
6.880000	-0.675043	-0.006098	-0.508830	1.000000	
6.890000	-0.675053	-0.006158	-0.509075	1.000000	
6.900000	-0.675063	-0.006213	-0.509322	1.000000	
6.910000	-0.675073	-0.006261	-0.509572	1.000000	
6.920000	-0.675083	-0.006303	-0.509823	1.000000	
6.930000	-0.675094	-0.006339	-0.510076	1.000000	
6.940000	-0.675106	-0.006369	-0.510330	1.000000	
6.950000	-0.675118	-0.006392	-0.510585	1.000000	
6.960000	-0.675130	-0.006409	-0.510841	1.000000	
6.970000	-0.675144	-0.006420	-0.511098	1.000000	
6.980000	-0.675158	-0.006424	-0.511355	1.000000	
6.990000	-0.675172	-0.006423	-0.511612	1.000000	
7.000000	-0.675188	-0.006415	-0.511869	1.000000	
7.010000	-0.675205	-0.006401	-0.512125	1.000000	
7.020000	-0.675222	-0.006381	-0.512381	1.000000	
7.030000	-0.675241	-0.006356	-0.512635	1.000000	
7.040000	-0.675260	-0.006324	-0.512889	1.000000	
7.050000	-0.675281	-0.006287	-0.513141	1.000000	
7.060000	-0.675302	-0.006245	-0.513392	1.000000	
7.070000	-0.675325	-0.006197	-0.513641	1.000000	
7.080000	-0.675349	-0.006144	-0.513888	1.000000	
7.090000	-0.675374	-0.006086	-0.514132	1.000000	
7.100000	-0.675400	-0.006024	-0.514375	1.000000	
7.110000	-0.675427	-0.005956	-0.514614	1.000000	
7.120000	-0.675456	-0.005884	-0.514851	1.000000	
7.130000	-0.675485	-0.005808	-0.515085	1.000000	
7.140000	-0.675516	-0.005728	-0.515316	1.000000	
7.150000	-0.675548	-0.005644	-0.515543	1.000000	
7.160000	-0.675581	-0.005556	-0.515767	1.000000	
7.170000	-0.675615	-0.005465	-0.515988	1.000000	
7.180000	-0.675650	-0.005371	-0.516204	1.000000	
7.190000	-0.675687	-0.005274	-0.516417	1.000000	
7.200000	-0.675724	-0.005174	-0.516626	1.000000	
7.210000	-0.675763	-0.005071	-0.516831	1.000000	
7.220000	-0.675802	-0.004966	-0.517032	1.000000	
7.230000	-0.675843	-0.004859	-0.517228	1.000000	
7.240000	-0.675885	-0.004751	-0.517420	1.000000	
7.250000	-0.675927	-0.004641	-0.517608	1.000000	
7.260000	-0.675971	-0.004529	-0.517792	1.000000	
7.270000	-0.676015	-0.004417	-0.517971	1.000000	
7.280000	-0.676060	-0.004303	-0.518145	1.000000	
7.290000	-0.676106	-0.004189	-0.518315	1.000000	
7.300000	-0.676153	-0.004075	-0.518480	1.000000	
7.310000	-0.676201	-0.003960	-0.518641	1.000000	
7.320000	-0.676249	-0.003846	-0.518797	1.000000	
7.330000	-0.676298	-0.003732	-0.518949	1.000000	
7.340000	-0.676347	-0.003618	-0.519096	1.000000	
7.350000	-0.676397	-0.003505	-0.519238	1.000000	
7.360000	-0.676448	-0.003393	-0.519376	1.000000	
7.370000	-0.676498	-0.003282	-0.519509	1.000000	
7.380000	-0.676550	-0.003173	-0.519639	1.000000	
7.390000	-0.676601	-0.003065	-0.519763	1.000000	
7.400000	-0.676653	-0.002959	-0.519884	1.000000	
7.410000	-0.676705	-0.002855	-0.520000	1.000000	
7.420000	-0.676757	-0.002752	-0.520112	1.000000	
7.430000	-0.676810	-0.002652	-0.520220	1.000000	
7.440000	-0.676862	-0.002555	-0.520324	1.000000	
7.450000	-0.676914	-0.002460	-0.520425	1.000000	
7.460000	-0.676967	-0.002367	-0.520521	1.000000	
7.470000	-0.677019	-0.002278	-0.520614	1.000000	
7.480000	-0.677071	-0.002191	-0.520704	1.000000	
7.490000	-0.677123	-0.002108	-0.520789	1.000000	
7.500000	-0.677175	-0.002028	-0.520872	1.000000	
7.510000	-0.677226	-0.001950	-0.520952	1.000000	
7.520000	-0.677277	-0.001877	-0.521028	1.000000	
7.530000	-0.677327	-0.001806	-0.521102	1.000000	
7.540000	-0.677378	-0.001740	-0.521173	1.000000	
7.550000	-0.677427	-0.001676	-0.521241	1.000000	
7.560000	-0.677476	-0.001617	-0.521307	1.000000	
7.570000	-0.677525	-0.001561	-0.521371	1.000000	
7.580000	-0.677573	-0.001509	-0.521432	1.000000	
7.590000	-0.677620	-0.001460	-0.521491	1.000000	
7.600000	-0.677666	-0.001416	-0.521549	1.000000	
7.610000	-0.677712	-0.001375	-0.521605	1.000000	
7.620000	-0.677757	-0.001338	-0.521659	1.000000	
7.630000	-0.677801	-0.001304	-0.521712	1.000000	
7.640000	-0.677845	-0.001275	-0.521763	1.000000	
7.650000	-0.677887	-0.001249	-0.521814	1.000000	
7.660000	-0.677929	-0.001227	-0.521863	1.000000	
7.670000	-0.677970	-0.001208	-0.521912	1.000000	
7.680000	-0.678009	-0.001193	-0.521960	1.000000	
7.690000	-0.678048	-0.001182	-0.522007	1.000000	
7.700000	-0.678086	-0.001174	-0.522055	1.000000	
7.710000	-0.678123	-0.001170	-0.522101	1.000000	
7.720000	-0.678159	-0.001169	-0.522148	1.000000	
7.730000	-0.678193	-0.001171	-0.522195	1.000000	
7.740000	-0.678227	-0.001176	-0.522242	1.000000	
7.750000	-0.678260	-0.001185	-0.522289	1.000000	
7.760000	-0.678292	-0.001197	-0.522337	1.000000	
7.770000	-0.678322	-0.001211	-0.522385	1.000000	
7.780000	-0.678352	-0.001228	-0.522434	1.000000	
7.790000	-0.678380	-0.001248	-0.522483	1.000000	
7.800000	-0.678408	-0.001271	-0.522534	1.000000	
7.810000	-0.678434	-0.001296	-0.522585	1.000000	
7.820000	-0.678460	-0.001323	-0.522637	1.000000	
7.830000	-0.678484	-0.001353	-0.522691	1.000000	
7.840000	-0.678507	-0.001384	-0.522745	1.000000	
7.850000	-0.678530	-0.001418	-0.522802	1.000000	
7.860000	-0.678551	-0.001453	-0.522859	1.000000	
7.870000	-0.678571	-0.001490	-0.522918	1.000000	
7.880000	-0.678590	-0.001529	-0.522978	1.000000	
7.890000	-0.678609	-0.001569	-0.523040	1.000000	
7.900000	-0.678626	-0.001610	-0.523104	1.000000	
7.910000	-0.678643	-0.001653	-0.523169	1.000000	
7.920000	-0.678658	-0.001696	-0.523236	1.000000	
7.930000	-0.678673	-0.001740	-0.523305	1.000000	
7.940000	-0.678687	-0.001785	-0.523375	1.000000	
7.950000	-0.678700	-0.001831	-0.523447	1.000000	
7.960000	-0.678712	-0.001877	-0.523522	1.000000	
7.970000	-0.678724	-0.001923	-0.523598	1.000000	
7.980000	-0.678734	-0.001969	-0.523675	1.000000	
7.990000	-0.678744	-0.002016	-0.523755	1.000000	
8.000000	-0.678754	-0.002062	-0.523837	1.000000	
8.010000	-0.678762	-0.002109	-0.523920	1.000000	
8.020000	-0.678770	-0.002154	-0.524005	1.000000	
8.030000	-0.678778	-0.002200	-0.524093	1.000000	
8.040000	-0.678785	-0.002244	-0.524181	1.000000	
8.050000	-0.678791	-0.002289	-0.524272	1.000000	
8.060000	-0.678797	-0.002332	-0.524364	1.000000	
8.070000	-0.678802	-0.002374	-0.524459	1.000000	
8.080000	-0.678807	-0.002415	-0.524554	1.000000	
8.090000	-0.678812	-0.002456	-0.524652	1.000000	
8.100000	-0.678816	-0.002495	-0.524751	1.000000	
8.110000	-0.678820	-0.002532	-0.524851	1.000000	
8.120000	-0.678823	-0.002568	-0.524953	1.000000	
8.130000	-0.678827	-0.002603	-0.525057	1.000000	
8.140000	-0.678830	-0.002636	-0.525162	1.000000	
8.150000	-0.678833	-0.002668	-0.525268	1.000000	
8.160000	-0.678835	-0.002698	-0.525375	1.000000	
8.170000	-0.678838	-0.002726	-0.525484	1.000000	
8.180000	-0.678840	-0.002752	-0.525593	1.000000	
8.190000	-0.678843	-0.002777	-0.525704	1.000000	
8.200000	-0.678845	-0.002799	-0.525815	1.000000	
8.210000	-0.678848	-0.002820	-0.525928	1.000000	
8.220000	-0.678850	-0.002838	-0.526041	1.000000	
8.230000	-0.678852	-0.002855	-0.526155	1.000000	
8.240000	-0.678855	-0.002869	-0.526269	1.000000	
8.250000	-0.678857	-0.002882	-0.526384	1.000000	
8.260000	-0.678860	-0.002892	-0.526500	1.000000	
8.270000	-0.678863	-0.002900	-0.526615	1.000000	
8.280000	-0.678866	-0.002906	-0.526732	1.000000	
8.290000	-0.678869	-0.002910	-0.526848	1.000000	
8.300000	-0.678873	-0.002912	-0.526964	1.000000	
8.310000	-0.678876	-0.002911	-0.527081	1.000000	
8.320000	-0.678880	-0.002909	-0.527197	1.000000	
8.330000	-0.678885	-0.002905	-0.527314	1.000000	
8.340000	-0.678889	-0.002898	-0.527430	1.000000	
8.350000	-0.678894	-0.002890	-0.527545	1.000000	
8.360000	-0.678899	-0.002879	-0.527661	1.000000	
8.370000	-0.678904	-0.002867	-0.527776	1.000000	
8.380000	-0.678910	-0.002852	-0.527890	1.000000	
8.390000	-0.678916	-0.002836	-0.528004	1.000000	
8.400000	-0.678923	-0.002818	-0.528117	1.000000	
8.410000	-0.678929	-0.002798	-0.528229	1.000000	
8.420000	-0.678937	-0.002776	-0.528341	1.000000	
8.430000	-0.678944	-0.002753	-0.528451	1.000000	
8.440000	-0.678952	-0.002728	-0.528561	1.000000	
8.450000	-0.678961	-0.002702	-0.528670	1.000000	
8.460000	-0.678969	-0.002674	-0.528777	1.000000	
8.470000	-0.678979	-0.002644	-0.528883	1.000000	
8.480000	-0.678988	-0.002614	-0.528989	1.000000	
8.490000	-0.678998	-0.002582	-0.529092	1.000000	
8.500000	-0.679008	-0.002549	-0.529195	1.000000	
8.510000	-0.679019	-0.002514	-0.529296	1.000000	
8.520000	-0.679030	-0.002479	-0.529396	1.000000	
8.530000	-0.679042	-0.002443	-0.529495	1.000000	
8.540000	-0.679053	-0.002405	-0.529592	1.000000	
8.550000	-0.679066	-0.002367	-0.529687	1.000000	
8.560000	-0.679078	-0.002328	-0.529781	1.000000	
8.570000	-0.679091	-0.002289	-0.529873	1.000000	
8.580000	-0.679104	-0.002249	-0.529964	1.000000	
8.590000	-0.679118	-0.002208	-0.530053	1.000000	
8.600000	-0.679131	-0.002167	-0.530141	1.000000	
8.610000	-0.679146	-0.002126	-0.530227	1.000000	
8.620000	-0.679160	-0.002085	-0.530311	1.000000	
8.630000	-0.679175	-0.002043	-0.530393	1.000000	
8.640000	-0.679190	-0.002001	-0.530474	1.000000	
8.650000	-0.679205	-0.001959	-0.530553	1.000000	
8.660000	-0.679220	-0.001917	-0.530631	1.000000	
8.670000	-0.679236	-0.001876	-0.530707	1.000000	
8.680000	-0.679252	-0.001834	-0.530781	1.000000	
8.690000	-0.679268	-0.001793	-0.530854	1.000000	
8.700000	-0.679284	-0.001752	-0.530924	1.000000	
8.710000	-0.679300	-0.001711	-0.530994	1.000000	
8.720000	-0.679316	-0.001671	-0.531061	1.000000	
8.730000	-0.679333	-0.001632	-0.531127	1.000000	
8.740000	-0.679349	-0.001593	-0.531192	1.000000	
8.750000	-0.679366	-0.001555	-0.531255	1.000000	
8.760000	-0.679383	-0.001518	-0.531316	1.000000	
8.770000	-0.679399	-0.001481	-0.531376	1.000000	
8.780000	-0.679416	-0.001445	-0.531435	1.000000	
8.790000	-0.679433	-0.001410	-0.531492	1.000000	
8.800000	-0.679450	-0.001376	-0.531548	1.000000	
8.810000	-0.679466	-0.001343	-0.531602	1.000000	
8.820000	-0.679483	-0.001311	-0.531655	1.000000	
8.830000	-0.679500	-0.001280	-0.531707	1.000000	
8.840000	-0.679516	-0.001250	-0.531758	1.000000	
8.850000	-0.679532	-0.001222	-0.531807	1.000000	
8.860000	-0.679549	-0.001194	-0.531855	1.000000	
8.870000	-0.679565	-0.001168	-0.531903	1.000000	
8.880000	-0.679581	-0.001142	-0.531949	1.000000	
8.890000	-0.679597	-0.001118	-0.531994	1.000000	
8.900000	-0.679612	-0.001096	-0.532038	1.000000	
8.910000	-0.679628	-0.001074	-0.532082	1.000000	
8.920000	-0.679643	-0.001054	-0.532124	1.000000	
8.930000	-0.679658	-0.001035	-0.532166	1.000000	
8.940000	-0.679672	-0.001017	-0.532207	1.000000	
8.950000	-0.679687	-0.001001	-0.532247	1.000000	
8.960000	-0.679701	-0.000986	-0.532287	1.000000	
8.970000	-0.679715	-0.000972	-0.532326	1.000000	
8.980000	-0.679729	-0.000960	-0.532365	1.000000	
8.990000	-0.679742	-0.000949	-0.532403	1.000000	
9.000000	-0.679755	-0.000939	-0.532441	1.000000	
9.010000	-0.679768	-0.000930	-0.532478	1.000000	
9.020000	-0.679780	-0.000923	-0.532515	1.000000	
9.030000	-0.679792	-0.000916	-0.532552	1.000000	
9.040000	-0.679804	-0.000911	-0.532589	1.000000	
9.050000	-0.679816	-0.000908	-0.532625	1.000000	
9.060000	-0.679827	-0.000905	-0.532661	1.000000	
9.070000	-0.679837	-0.000903	-0.532697	1.000000	
9.080000	-0.679848	-0.000903	-0.532733	1.000000	
9.090000	-0.679858	-0.000903	-0.532770	1.000000	
9.100000	-0.679867	-0.000905	-0.532806	1.000000	
9.110000	-0.679877	-0.000907	-0.532842	1.000000	
9.120000	-0.679886	-0.000911	-0.532878	1.000000	
9.130000	-0.679894	-0.000915	-0.532915	1.000000	
9.140000	-0.679903	-0.000921	-0.532952	1.000000	
9.150000	-0.679910	-0.000927	-0.532989	1.000000	
9.160000	-0.679918	-0.000934	-0.533026	1.000000	
9.170000	-0.679925	-0.000942	-0.533063	1.000000	
9.180000	-0.679932	-0.000950	-0.533101	1.000000	
9.190000	-0.679939	-0.000959	-0.533139	1.000000	
9.200000	-0.679945	-0.000969	-0.533178	1.000000	
9.210000	-0.679950	-0.000979	-0.533217	1.000000	
9.220000	-0.679956	-0.000990	-0.533256	1.000000	
9.230000	-0.679961	-0.001001	-0.533296	1.000000	
9.240000	-0.679966	-0.001013	-0.533336	1.000000	
9.250000	-0.679971	-0.001025	-0.533377	1.000000	
9.260000	-0.679975	-0.001038	-0.533418	1.000000	
9.270000	-0.679979	-0.001050	-0.533460	1.000000	
9.280000	-0.679982	-0.001063	-0.533502	1.000000	
9.290000	-0.679986	-0.001077	-0.533545	1.000000	
9.300000	-0.679989	-0.001090	-0.533589	1.000000	
9.310000	-0.679992	-0.001103	-0.533632	1.000000	
9.320000	-0.679994	-0.001117	-0.533677	1.000000	
9.330000	-0.679997	-0.001131	-0.533722	1.000000	
9.340000	-0.679999	-0.001144	-0.533767	1.000000	
9.350000	-0.680001	-0.001157	-0.533813	1.000000	
9.360000	-0.680002	-0.001171	-0.533860	1.000000	
9.370000	-0.680004	-0.001184	-0.533907	1.000000	
9.380000	-0.680005	-0.001197	-0.533955	1.000000	
9.390000	-0.680006	-0.001210	-0.534003	1.000000	
9.400000	-0.680007	-0.001222	-0.534051	1.000000	
9.410000	-0.680008	-0.001234	-0.534100	1.000000	
9.420000	-0.680009	-0.001246	-0.534150	1.000000	
9.430000	-0.680009	-0.001258	-0.534200	1.000000	
9.440000	-0.680010	-0.001269	-0.534251	1.000000	
9.450000	-0.680010	-0.001279	-0.534302	1.000000	
9.460000	-0.680010	-0.001290	-0.534353	1.000000	
9.470000	-0.680010	-0.001299	-0.534405	1.000000	
9.480000	-0.680010	-0.001308	-0.534457	1.000000	
9.490000	-0.680010	-0.001317	-0.534509	1.000000	
9.500000	-0.680010	-0.001325	-0.534562	1.000000	
9.510000	-0.680010	-0.001332	-0.534615	1.000000	
9.520000	-0.680010	-0.001339	-0.534669	1.000000	
9.530000	-0.680010	-0.001345	-0.534723	1.000000	
9.540000	-0.680010	-0.001351	-0.534777	1.000000	
9.550000	-0.680009	-0.001356	-0.534831	1.000000	
9.560000	-0.680009	-0.001360	-0.534885	1.000000	
9.570000	-0.680009	-0.001363	-0.534939	1.000000	
9.580000	-0.680009	-0.001366	-0.534994	1.000000	
9.590000	-0.680009	-0.001368	-0.535049	1.000000	
9.600000	-0.680009	-0.001370	-0.535103	1.000000	
9.610000	-0.680009	-0.001371	-0.535158	1.000000	
9.620000	-0.680009	-0.001371	-0.535213	1.000000	
9.630000	-0.680009	-0.001370	-0.535268	1.000000	
9.640000	-0.680009	-0.001369	-0.535323	1.000000	
9.650000	-0.680010	-0.001367	-0.535377	1.000000	
9.660000	-0.680010	-0.001364	-0.535432	1.000000	
9.670000	-0.680010	-0.001360	-0.535487	1.000000	
9.680000	-0.680011	-0.001356	-0.535541	1.000000	
9.690000	-0.680012	-0.001351	-0.535595	1.000000	
9.700000	-0.680012	-0.001346	-0.535649	1.000000	
9.710000	-0.680013	-0.001340	-0.535703	1.000000	
9.720000	-0.680014	-0.001333	-0.535756	1.000000	
9.730000	-0.680016	-0.001325	-0.535809	1.000000	
9.740000	-0.680017	-0.001317	-0.535862	1.000000	
9.750000	-0.680018	-0.001309	-0.535915	1.000000	
9.760000	-0.680020	-0.001300	-0.535967	1.000000	
9.770000	-0.680021	-0.001290	-0.536019	1.000000	
9.780000	-0.680023	-0.001280	-0.536070	1.000000	
9.790000	-0.680025	-0.001269	-0.536121	1.000000	
9.800000	-0.680027	-0.001258	-0.536172	1.000000	
9.810000	-0.680029	-0.001246	-0.536222	1.000000	
9.820000	-0.680032	-0.001234	-0.536271	1.000000	
9.830000	-0.680034	-0.001221	-0.536320	1.000000	
9.840000	-0.680037	-0.001208	-0.536369	1.000000	
9.850000	-0.680039	-0.001195	-0.536417	1.000000	
9.860000	-0.680042	-0.001181	-0.536464	1.000000	
9.870000	-0.680045	-0.001167	-0.536511	1.000000	
9.880000	-0.680048	-0.001152	-0.536558	1.000000	
9.890000	-0.680051	-0.001138	-0.536604	1.000000	
9.900000	-0.680055	-0.001123	-0.536649	1.000000	
9.910000	-0.680058	-0.001108	-0.536693	1.000000	
9.920000	-0.680062	-0.001093	-0.536737	1.000000	
9.930000	-0.680065	-0.001077	-0.536781	1.000000	
9.940000	-0.680069	-0.001062	-0.536824	1.000000	
9.950000	-0.680073	-0.001046	-0.536866	1.000000	
9.960000	-0.680077	-0.001030	-0.536907	1.000000	
9.970000	-0.680081	-0.001015	-0.536948	1.000000	
9.980000	-0.680085	-0.000999	-0.536988	1.000000	
9.990000	-0.680089	-0.000983	-0.537028	1.000000	
10.000000	-0.680094	-0.000967	-0.537067	1.000000	
